16 16
4.60788 8.7581 8.35311 4.95061 9.45422 6.72098 6.58731 4.98997 1.76875 2.49875 1.02959 6.51041 2.13649 8.18984 8.82768 2.74259 
1.84718 1.98024 4.25509 9.36572 3.3609 2.99925 5.39831 0.699377 2.97942 -0.447813 0.704566 6.30868 2.28878 1.04607 4.45865 0.826029 
-0.0672475 8.91893 5.24358 4.81541 0.280663 6.88304 6.45578 9.47864 0.553194 5.80177 2.93242 3.02306 2.96599 3.50433 2.7548 1.50507 
3.45856 4.85478 8.2878 1.95491 3.56293 2.38858 5.52344 0.599277 6.98466 2.82743 5.7862 3.99812 7.44885 -0.214652 8.86399 5.89882 
9.38128 7.97957 1.62622 7.62983 7.9817 9.25555 1.19622 4.83921 0.255943 5.74439 6.73289 8.39431 3.56812 0.458892 8.89116 2.25399 
3.27117 0.643834 1.01738 6.12801 5.98671 4.19497 1.15136 5.72822 0.0880917 4.45254 8.88475 8.43796 -0.0443587 3.69111 6.14815 7.19738 
5.5625 0.610263 5.98976 0.427458 3.95479 2.14168 8.3992 0.801004 4.19008 4.88774 7.24773 0.672826 2.29458 6.49728 7.4046 6.98405 
7.80195 2.29977 6.08986 3.4494 8.43765 7.50287 7.52973 2.84635 4.50931 0.269677 4.97288 7.20867 -0.432249 5.98885 9.13652 8.74772 
8.8997 8.04427 7.13543 9.30499 2.41238 5.40777 0.96672 1.15593 3.48114 2.35501 -0.394101 6.97154 0.309961 0.625523 3.77656 1.75135 
1.37872 9.33612 7.46228 4.54715 1.53253 2.95897 5.21642 2.77647 0.279443 2.684 9.33703 6.95354 8.85606 1.46539 5.96565 8.63755 
7.62677 8.07692 4.17666 9.42035 0.377712 0.481475 7.11528 3.75764 7.06676 3.83302 9.25005 3.46344 1.59113 3.41308 8.80082 6.67673 
6.14327 7.82911 9.40448 9.11089 8.70286 2.77311 0.0832087 0.403653 5.24328 0.66245 7.57459 3.37738 3.20312 6.47165 0.0856502 9.01842 
7.79157 5.06566 6.54031 4.99516 7.68812 0.353908 0.371914 0.52237 1.69733 1.56946 1.93385 5.38672 2.92814 6.99107 8.58261 5.94154 
2.0486 0.418607 6.49911 5.89271 6.19027 0.716773 3.31481 4.67594 5.05712 -0.265007 5.59668 1.24902 0.805277 8.91954 0.25869 6.1036 
3.25408 -0.0687735 3.96486 9.31323 6.99168 -0.422178 -0.422788 7.42993 1.9366 4.37594 3.72498 7.0396 3.92274 5.05284 4.54044 7.79096 
6.86137 6.30624 3.64106 2.7078 3.04991 2.1252 1.40741 8.60367 3.1903 1.99367 -0.373959 4.39883 2.67087 8.28475 0.559603 0.168355 
16 16
3.7497 4.26943 8.88444 4.52091 0.1592 7.62555 1.00212 1.78431 6.98955 2.85551 3.40606 4.53128 6.15975 1.25604 6.03829 6.43411 
1.15014 3.89467 6.17013 9.25921 0.924604 6.09352 6.19912 5.71998 2.62052 5.60431 0.375576 5.55213 4.5737 -0.212821 4.51389 2.6254 
6.23696 2.10659 7.75831 5.89973 6.55405 3.25469 0.457671 2.04524 7.35546 7.21752 7.2221 2.53323 3.33496 7.59473 9.21038 3.01115 
5.17095 4.48489 4.72416 7.77815 7.35455 7.2517 2.16335 7.16747 7.28771 3.4787 4.40616 0.655126 7.21325 9.43133 8.67875 3.49976 
5.53931 2.33029 0.976485 -0.267144 9.12096 -0.238456 9.09593 9.30956 3.06029 6.52017 3.34503 2.22805 -0.40936 4.21084 8.99004 7.44122 
2.60465 3.91755 -0.495727 9.35778 9.38647 7.24804 4.6796 -0.239982 6.11794 6.07064 2.66324 7.94081 8.71476 6.25832 -0.0156713 6.87693 
5.55579 5.74378 8.62992 8.24966 3.6728 2.20791 4.23342 4.12539 4.95579 0.707312 4.44308 8.1111 3.94349 6.5571 1.52216 3.78938 
3.75672 3.77778 8.25698 3.25866 1.73945 4.42447 1.22094 3.57788 1.36956 9.10509 0.47232 3.93495 2.00008 4.00179 -0.267449 1.35278 
2.99773 4.71226 6.12099 7.74091 3.83515 2.21645 3.50006 6.10573 6.70664 1.28564 8.49716 8.73887 3.22112 6.64713 3.26446 5.18316 
1.74464 7.21203 4.04054 2.80393 6.94621 3.68653 -0.427061 7.76441 8.11385 -0.130726 8.47 9.22625 7.80531 2.95714 -0.463683 4.58683 
7.38934 3.16466 4.16536 8.56095 1.04637 7.97346 4.83738 3.92457 4.78977 1.32348 8.80082 6.73106 2.06508 3.05724 0.986862 3.81257 
2.49875 8.93022 5.22741 5.37848 5.34979 6.50095 7.8343 0.524506 4.23373 7.21386 2.60617 8.46542 4.67685 -0.0181127 1.32287 3.29955 
1.06652 6.59128 8.79075 5.12639 4.55692 4.22762 6.49973 5.31835 8.49533 5.45264 3.95997 8.7703 2.92936 0.927046 1.7718 0.929487 
4.7617 5.2036 5.50116 2.42978 5.10778 0.897443 4.4147 9.12706 0.424711 1.55084 4.14309 0.365505 8.97508 8.49747 7.33044 3.27514 
9.17895 2.04524 1.33721 5.91621 1.42938 2.2897 7.05455 7.0869 -0.0757927 -0.133168 7.8932 5.60065 6.07949 1.95827 3.01451 6.84977 
0.0883969 3.86689 3.85865 9.46857 2.18868 1.46875 8.03816 -0.0980712 0.195822 4.856 -0.344966 7.70307 4.87187 8.48556 0.110065 9.35931 
16 16
6.5397 0.0337687 5.38031 5.09191 3.99232 2.32205 -0.168874 2.02937 -0.405698 4.4147 2.42215 0.95024 2.84727 4.31765 4.6091 6.06728 
0.374966 9.36969 7.74 8.24294 -0.132862 0.666417 1.02989 7.31579 4.35244 6.4921 2.52591 5.46118 3.36608 5.06139 2.11818 4.39761 
2.57566 1.8954 0.669774 4.25723 8.42575 2.13771 4.31765 6.92668 9.36541 3.12346 8.01527 1.67109 0.21749 7.51477 7.37378 5.86097 
1.26061 2.31655 2.86802 8.60489 8.57285 4.08266 5.46728 0.104877 7.21447 5.62506 7.75404 4.55142 3.80128 4.54227 -0.404172 9.35961 
0.037431 8.87346 2.42673 8.57041 3.76435 0.194906 1.20843 3.22387 9.09532 9.47345 8.12606 6.51468 2.19265 5.98061 7.0869 6.54825 
4.25204 4.59018 3.08318 4.50626 8.2579 1.76661 5.47888 1.03386 1.06682 5.55487 9.28362 8.6644 7.39239 -0.111499 3.48114 3.08654 
7.23858 8.52829 0.468657 1.08025 3.36029 8.93754 5.67206 7.91609 0.300806 1.41626 1.39917 2.04555 1.57709 3.79914 3.99477 -0.111805 
6.569 7.03288 8.35922 8.52768 3.68043 1.94392 8.88963 9.12889 1.33264 2.51431 0.914838 8.89573 3.34991 5.96626 1.67658 4.37075 
0.303858 4.98418 4.92467 3.89863 3.37768 2.37149 8.18954 2.05989 2.31075 3.46588 6.7927 3.89192 3.98927 6.61783 3.65693 1.70466 
3.24279 7.04845 8.98057 2.31167 2.41208 4.40249 8.83714 7.47723 1.24688 9.29888 6.7631 5.40411 3.69874 9.20336 7.39819 6.06575 
3.17229 8.92686 6.23635 8.20022 2.79417 6.06636 4.55417 0.775674 2.26589 6.69962 3.57636 6.74326 7.85871 1.64545 6.94499 1.88227 
7.11803 8.6052 5.54633 6.56442 4.83586 0.491241 3.77015 3.23058 1.85633 5.26617 1.25329 7.41131 3.27453 7.59046 9.17345 5.08794 
7.59351 7.6048 5.15844 4.22121 3.39904 7.15313 5.87196 3.24523 5.11998 8.75626 1.33294 4.35183 4.42843 7.65516 0.0423139 4.36923 
8.85118 2.23232 8.96684 1.0537 4.14736 3.12407 7.45221 7.60266 2.02144 6.33706 9.12493 3.20006 -0.273247 0.680456 0.842204 2.41665 
3.13079 4.82914 2.75785 1.26153 -0.205802 4.32559 8.56156 2.71329 3.63892 3.83699 -0.0428327 -0.467345 7.75373 4.98021 4.44613 7.17541 
6.91142 5.02232 0.46469 4.61032 6.35507 6.77561 8.95708 5.8683 8.41415 4.99425 5.42883 0.117695 3.51685 -0.410276 1.55817 3.09325 
16 16
9.39471 7.8401 4.35336 6.48691 8.40164 2.70658 -0.343135 4.16384 4.70157 5.51825 6.96544 2.37332 7.58069 0.629795 1.57648 5.12731 
0.279443 7.48303 2.67179 7.36676 5.51947 0.283105 5.52924 4.57218 7.91853 6.99657 5.78651 6.2217 4.8679 2.97392 -0.181692 0.90904 
2.42673 -0.484741 0.291345 5.93544 7.7989 2.69163 0.952071 9.18505 4.95305 2.72855 -0.278436 6.09871 4.95305 9.27264 4.15011 -0.440184 
7.55445 2.84666 8.29696 5.49872 5.63453 7.81172 5.10198 2.03487 9.01811 7.14122 3.30444 4.96861 9.25646 4.32864 2.97575 7.42749 
1.93049 2.73313 8.73154 6.49118 8.0345 7.6814 4.67502 4.59781 1.00029 1.63324 0.148824 8.54935 0.935286 7.72993 0.345668 3.9264 
2.6251 2.02937 0.844035 7.72718 8.86979 -0.250053 0.136006 7.0396 5.71448 5.8271 9.20275 6.5629 1.13732 5.09893 2.20302 2.78715 
3.75825 2.4371 7.34204 7.64905 3.12468 8.12728 1.97047 9.46826 8.14895 8.817 0.993881 3.985 5.24725 9.34436 2.63669 3.30718 
2.75053 5.75629 0.638035 5.57837 3.14696 4.83158 6.93278 3.18236 -0.280877 0.419523 3.88398 2.2958 9.13744 1.90822 0.129597 1.59998 
6.57389 5.13372 9.10387 2.96568 4.89781 1.04302 4.29659 1.92286 4.51602 2.42581 0.315455 0.728675 5.41968 4.0201 3.80921 1.84565 
8.00093 6.31448 3.31634 4.64054 4.20138 8.35159 2.10567 3.12194 5.5564 -0.152394 3.06395 7.52179 -0.306513 7.94295 -0.30285 7.54041 
1.8545 8.89146 2.31045 0.0609302 2.99498 0.00630207 3.42315 9.1527 1.03203 2.17006 1.48553 1.16601 6.79728 8.22524 6.96086 2.74717 
1.25939 7.55475 -0.171926 4.56485 5.5802 2.16762 2.58145 8.57956 0.562044 4.60147 7.77021 1.65705 7.05699 2.95103 4.16048 3.34503 
3.89039 3.34198 0.568148 0.617283 4.87034 5.15569 1.43243 7.40887 1.43976 9.32177 3.18816 1.74433 2.5369 4.98906 5.50208 8.27987 
8.2228 4.88896 6.43625 9.0645 8.64335 4.70035 5.59851 0.338343 4.8856 6.73441 4.34298 8.1813 3.29009 3.24371 7.08599 0.813211 
-0.217399 -0.321162 2.79508 0.378933 5.78925 3.19274 0.719825 2.0071 2.29458 6.71488 9.41974 2.97392 3.60779 3.90413 3.15642 -0.225944 
7.39819 5.29272 4.715 5.91499 2.56284 0.932844 8.70804 8.24569 1.48798 -0.138356 4.43515 4.63474 8.26888 1.69459 2.35287 0.807108 
16 16
8.83103 7.38171 3.99293 7.32525 2.96355 8.7468 9.48932 9.42798 8.79136 1.12511 3.95936 7.62342 0.107013 7.30358 1.55145 6.95506 
4.32406 2.41025 -0.225944 1.20904 6.14388 9.16277 5.01225 2.62235 -0.31933 7.74 4.15407 3.25042 5.60889 0.600192 1.39306 0.809549 
4.88621 7.54956 4.27096 6.80247 5.6272 1.37628 8.01833 -0.259209 4.68204 9.36938 2.25918 1.28259 0.482391 1.02135 9.14568 8.08577 
8.72422 7.24071 6.97276 7.20043 7.43878 1.37689 8.3522 7.8105 3.02702 7.37805 6.99321 7.13054 3.80921 5.38519 2.16366 3.28033 
2.65836 0.0847346 4.88743 2.94127 5.27837 2.12612 4.94084 6.61112 5.68671 7.9167 2.71665 9.27081 5.47064 8.10897 5.00951 9.2702 
8.37295 0.0938902 8.79319 3.25317 6.77195 4.80839 2.04463 -0.0724357 1.61982 3.16985 5.68702 0.496124 2.39956 2.45663 5.70228 8.56003 
8.6644 7.93989 9.48688 7.30694 -0.278436 0.0804621 5.50421 6.79881 4.02406 2.60892 0.304468 9.16765 4.82945 1.79102 1.96803 4.53403 
3.69294 2.20394 4.03566 5.46362 8.35525 9.32269 8.99309 2.76609 6.58518 4.23922 5.36535 0.459807 2.54422 0.821757 7.49005 2.70566 
7.23217 0.628269 2.02663 0.526643 -0.424619 5.88661 0.266625 1.12633 -0.273553 5.85151 0.308741 7.6164 1.12969 6.85588 8.15841 1.9662 
2.91868 1.36529 1.81513 8.99034 9.21221 6.34774 7.41253 4.1794 6.86106 6.27175 1.46966 3.19549 8.22097 1.04881 8.32046 5.83717 
0.502838 4.22732 6.77714 2.29031 8.26949 1.75349 5.10015 4.4794 0.638035 6.61112 8.32748 0.322779 -0.245476 -0.347102 7.03014 3.71735 
2.09804 1.9366 1.55725 8.05464 9.17895 8.87468 0.830912 6.08406 9.19756 1.51605 -0.244865 3.93983 6.21865 5.26922 4.29904 2.13619 
8.43063 1.37567 8.32076 1.35095 2.04646 1.45318 1.18859 5.80543 2.41543 0.417997 0.270898 2.0547 8.90062 8.09554 7.3457 6.00075 
5.09038 4.83769 3.00078 5.94002 0.904767 1.45593 8.08882 4.45926 8.1578 8.78373 6.28793 6.9926 6.13961 7.17724 6.84489 -0.152394 
8.78098 1.27496 1.55206 5.52283 -0.038255 0.320643 5.02904 8.11507 8.52799 9.3645 2.36294 6.64347 -0.424924 1.65766 3.17931 9.09258 
3.56842 7.55139 6.19729 4.99272 -0.148732 0.208029 3.33862 9.34649 6.11763 3.44757 7.44763 5.71479 0.39816 2.02846 2.68827 1.27892 
16 16
3.88307 5.25243 8.43002 8.48068 0.256859 2.10475 1.13854 6.981 5.59973 1.37811 3.91847 7.33074 7.01671 4.12355 1.51025 6.6218 
4.29202 2.80912 6.04622 4.84928 3.26476 7.44397 -0.0739616 2.5314 4.22182 6.64286 3.8733 2.79936 6.87693 8.94639 4.22213 5.77338 
8.49014 4.70798 8.51303 8.03786 6.69718 3.85682 3.44604 5.02355 3.60749 -0.143849 4.26302 9.11638 2.73283 5.16179 -0.38403 1.29785 
5.31378 8.49991 0.988388 9.135 7.59961 9.27172 0.728065 8.92961 5.64978 9.40081 7.75556 4.84135 9.2174 7.9341 5.01317 2.79447 
1.27587 8.70957 7.71284 1.9839 4.75529 6.40023 6.44632 1.78889 3.04381 1.25481 4.22518 6.91295 5.82679 7.83705 1.50354 8.55515 
6.81529 8.08333 8.25698 4.43179 4.93535 3.9911 7.16991 5.45782 5.53442 0.246178 7.00359 1.89875 3.17016 2.10445 0.197348 6.81193 
2.54575 8.84111 3.77534 -0.420652 9.15026 8.07723 7.61243 7.35791 6.16738 1.29907 9.12951 7.24621 9.22076 5.88142 8.47397 6.98924 
5.50787 3.92488 3.25347 7.03166 8.89756 3.22631 6.88151 1.72816 7.5398 0.685644 -0.40173 2.52957 5.56372 3.47168 6.23238 0.952681 
5.41723 8.24996 -0.240287 4.14705 2.4136 3.79212 4.72965 0.873333 8.04884 7.27642 -0.387082 0.70426 3.64899 -0.40936 2.14077 4.25936 
0.915448 -0.0464949 6.69413 7.28863 0.923688 5.16332 7.80439 6.41519 8.14315 3.78846 8.83348 9.35351 1.03905 0.612705 -0.112415 7.40735 
5.82038 1.64576 4.0381 3.07219 4.89048 5.01286 5.89668 0.540986 6.57175 8.03725 1.62561 1.93873 7.66004 5.82282 4.43088 7.0866 
5.37481 1.65949 4.60605 -0.381588 0.264794 4.5502 8.1932 7.25567 6.63431 4.1852 3.3142 9.05168 2.05043 8.66654 8.24691 7.4281 
2.49814 5.30035 0.293786 7.80256 4.73667 -0.231132 -0.476501 3.62885 2.4313 3.99355 6.42984 -0.337947 7.61304 7.99849 7.58252 1.25451 
4.03475 6.09627 8.33023 2.5015 3.98378 2.69864 6.61447 1.04851 5.1148 8.07021 6.95994 2.36935 8.86338 9.33459 8.70377 1.32958 
7.00542 7.04784 7.52423 3.84797 7.92219 2.65287 4.33413 6.46768 9.13683 7.12108 0.599582 6.6514 7.68049 6.09993 4.14675 1.60913 
4.8563 1.87892 4.51877 8.47824 6.95598 7.48181 1.94758 3.65601 8.49991 3.19945 9.00133 4.11409 -0.443541 0.880657 8.96684 8.49014 
16 16
8.22799 4.81938 9.36389 4.4501 3.0078 0.956954 6.02303 -0.256462 -0.152699 6.67307 6.98802 2.05959 8.61374 9.18688 5.13768 4.15285 
1.86915 3.33557 3.38531 0.00233467 4.51572 8.89238 3.98134 3.15459 0.0212561 8.13277 7.05547 7.34845 -0.208548 3.9734 7.45648 2.23904 
7.24895 3.98531 3.96028 2.03182 3.1787 0.601413 -0.100818 -0.159413 3.91084 2.8256 9.2824 5.57715 8.8936 -0.240593 7.46442 0.191855 
9.22442 1.25878 0.43112 4.07442 3.7027 6.02944 1.75654 2.42367 3.96089 2.47861 1.30212 5.40777 5.24389 2.63242 4.71409 5.91743 
4.39151 4.43118 7.78486 2.7313 1.59449 2.71757 4.74064 1.90547 7.4809 4.22823 4.51816 4.19466 2.09407 6.90104 4.08968 1.3244 
7.33441 8.81272 2.9022 8.92137 9.41272 7.05547 7.49554 8.91588 2.89183 1.87068 0.352382 9.23327 2.87107 6.34774 2.05715 3.57697 
6.8751 6.9987 0.809854 9.12889 3.01421 5.52985 8.37204 4.96403 5.97969 7.11345 6.49728 9.00926 7.42779 5.47674 2.91563 6.34225 
2.32418 0.119831 0.927961 6.65506 7.80958 5.97603 1.67841 3.68806 6.14266 0.822977 3.16375 4.45132 8.29177 0.765908 5.04521 1.04088 
-0.26928 9.09288 3.32183 2.86711 5.00829 8.82615 3.93007 2.10475 2.64249 4.27706 9.33337 0.179037 6.91752 1.91493 7.15831 8.0989 
8.13247 5.86738 4.95061 8.44986 7.87123 8.36044 0.0990783 1.86 0.854106 0.412198 9.00591 5.75294 -0.0651112 3.09661 4.54959 8.19442 
5.8039 4.68052 5.91835 4.65244 7.96004 3.95631 -0.134999 0.478423 8.51639 5.07665 7.45221 6.92546 5.40045 4.20656 5.34521 3.51074 
6.50949 3.30352 5.72394 4.54227 1.38665 1.33966 3.86384 2.6138 1.98024 8.27773 7.46136 6.89036 9.04466 2.11208 6.75425 8.98515 
5.7505 4.29232 -0.489929 4.25234 5.06505 3.83332 -0.0611438 1.29846 2.46121 5.4328 5.59272 7.53217 0.525117 1.90425 1.31646 3.55744 
7.01793 6.2391 4.31491 4.23189 2.95836 3.60779 9.39105 9.19451 2.28695 8.62046 8.42514 0.677709 -0.325129 8.1465 3.15551 1.42297 
8.03999 5.01988 5.32049 0.497345 2.33181 2.93181 3.22662 -0.159108 1.14922 7.8285 8.80662 9.34558 2.75297 6.12435 4.22549 3.28002 
7.0338 5.04735 2.10353 5.88081 0.000503555 5.42151 8.4111 8.90825 2.35287 2.20486 2.10475 8.9937 8.69431 3.09661 0.56296 7.5813 
16 16
8.58139 7.29015 4.11531 5.44409 9.06603 1.30853 2.45724 8.77366 5.35833 -0.455443 8.53745 1.78248 1.74464 6.66514 0.780862 6.91295 
2.74046 8.59909 7.96797 3.12529 0.569063 6.35812 9.02055 2.77708 5.78224 0.422269 1.09825 3.59467 2.58695 1.00456 0.0517747 3.55835 
5.44653 4.50748 2.30435 1.50842 8.50784 1.48187 2.22103 1.28808 4.42721 6.40634 4.02925 2.23171 4.15102 4.59018 2.35226 3.81532 
4.21755 6.522 0.417081 7.27825 3.13933 4.96892 0.00447096 2.03121 3.43139 5.14562 2.19509 -0.338557 0.845256 3.25896 2.98155 3.34777 
7.37347 3.74696 2.80638 5.49811 -0.414853 0.518097 4.08693 1.42267 8.85881 2.51218 5.79261 1.85633 5.06627 8.88414 9.13408 2.1368 
0.283715 4.13424 3.42773 0.86082 4.07991 8.48923 6.20248 5.82069 6.94774 3.85072 6.60044 0.0417035 3.44848 0.623386 6.14754 5.73005 
1.62012 5.73341 5.94581 8.93846 0.220542 7.15069 4.3558 2.77372 0.363979 5.22802 4.22945 1.94789 3.11553 6.17013 3.7552 6.48996 
-0.395932 7.94203 -0.0196387 7.43085 5.21886 3.93251 9.07121 2.27261 4.44827 4.68448 2.37271 3.05846 7.9286 3.00261 2.33486 4.84745 
8.2582 2.7548 7.35974 7.41772 6.14876 6.6746 -0.358394 7.99971 3.46741 3.48236 5.05559 7.86085 4.73698 -0.365719 9.1585 0.548616 
3.6551 6.01448 8.36868 4.60727 6.1979 4.87614 0.380764 8.57743 6.86381 7.35669 2.8842 1.09612 -0.371212 6.86442 4.64237 3.90626 
0.169576 8.66105 7.99849 0.586764 0.916669 0.947798 6.87083 8.82157 5.50513 7.76563 9.29858 9.01079 4.18093 9.02574 8.59787 7.04997 
6.72678 7.98262 2.19784 4.07289 4.46994 1.45929 2.21401 0.987167 7.93623 3.13903 6.81895 0.603244 1.7071 5.23778 6.48019 5.17461 
3.05113 8.86491 4.12355 2.15969 5.88478 8.39096 3.28216 6.02303 6.62607 0.130818 3.29864 8.87773 3.51044 0.65421 5.64002 7.79279 
5.92048 5.04033 0.387478 1.5719 5.30187 0.3829 6.96605 4.81724 4.22091 4.86637 8.17306 2.09011 5.13189 7.71528 1.5716 -0.0178076 
5.41113 0.340785 7.30999 -0.0883053 0.224815 3.98653 6.42648 9.45087 -0.208243 4.19405 8.70896 5.00218 2.60099 7.39483 4.16475 3.63892 
1.15105 -0.0559557 7.16778 6.91173 1.77149 4.91215 7.34387 4.44491 5.0858 6.93553 6.25558 0.128681 8.68546 0.451872 3.95265 8.7233 
16 16
0.922163 9.28088 4.16781 8.01314 0.775979 5.13372 2.49448 8.98912 9.1408 8.68241 8.3638 4.51328 5.14623 7.01305 2.08248 3.96181 
4.77085 4.87309 6.36789 3.30963 2.71116 5.30554 5.68885 3.3551 8.96135 6.16524 7.97102 0.85258 6.66086 2.82347 7.7284 5.37024 
2.77403 2.38034 4.68265 -0.319025 8.16543 -0.310175 6.93339 6.5043 8.62992 0.515656 2.74137 9.40204 3.44482 2.12795 -0.0129246 0.65421 
3.00291 6.65476 7.37072 3.9145 2.08919 7.4989 6.40603 4.46658 0.366726 4.13424 8.28719 4.88835 6.63004 5.59272 4.67197 8.9406 
8.39065 7.95698 6.45944 1.48889 3.35876 6.16646 -0.384335 7.27703 4.38144 5.45599 2.11452 6.35507 4.39883 2.73283 1.05095 8.98393 
2.98369 3.20891 3.9969 7.82453 1.02562 2.59977 3.65448 0.223594 5.1212 0.201621 -0.125538 8.4114 8.23562 3.16008 8.10103 0.418302 
8.1935 7.24285 8.29971 -0.46765 0.567232 4.42874 3.44482 5.09893 7.52149 2.62693 1.6128 2.48349 9.17345 7.8343 0.754311 5.00737 
9.04253 4.05 0.204062 5.66626 0.137532 1.25542 7.993 1.44891 3.25591 6.77256 8.01924 8.06441 4.04787 0.312708 6.15212 7.8929 
0.417692 8.03328 9.31689 8.9705 6.81559 5.90522 6.63553 7.82392 6.98711 7.71436 6.67826 3.96242 1.74494 8.00093 -0.109363 8.84507 
3.3197 5.25457 0.262658 7.13054 2.85582 5.67542 5.29272 3.02763 2.61533 2.8137 8.31893 -0.446898 9.45117 3.40118 2.27535 3.5141 
1.11138 4.68632 8.93754 4.02406 1.93904 3.58643 2.71574 7.36859 -0.470702 2.9666 3.06456 6.02821 8.90367 5.36413 4.56668 4.67838 
5.76942 9.46155 8.75535 0.969466 5.42242 -0.369076 6.73838 3.90779 8.85636 3.85499 6.68375 7.646 2.64035 0.337428 5.2329 3.49579 
4.13363 8.1227 6.90043 7.97713 8.5878 2.02541 0.525727 -0.288812 -0.289117 7.19524 6.83909 2.98033 0.250755 3.61756 6.19973 0.75248 
4.15743 5.87288 0.576388 4.99791 6.89311 8.45779 8.82646 7.09911 5.44775 1.98878 9.33795 6.17287 4.62436 0.597446 9.0996 8.11415 
1.15716 5.82496 3.25652 3.17534 2.22225 7.33837 4.21877 4.89445 -0.0922727 5.77338 4.38144 8.18068 8.20174 8.01833 1.52124 9.37457 
4.06252 0.252281 0.933454 6.09352 9.1353 9.05168 3.36547 -0.325129 3.67158 5.87043 2.81614 8.02718 9.22381 5.21825 3.26232 1.70679 
16 16
1.11687 7.20318 3.25958 7.02159 0.307215 0.63712 2.38278 4.05306 7.98292 5.38427 2.57505 6.91356 8.8759 4.92711 5.34735 0.195822 
6.82902 -0.127674 7.47754 2.77006 2.62204 0.716163 3.96699 5.16454 3.07158 6.80003 2.42093 2.67515 2.95958 6.77165 2.91685 2.00587 
6.35812 0.860515 2.42642 4.25936 8.91069 0.284936 7.84864 2.08461 7.6341 4.09731 6.71702 3.80189 -0.199087 8.78617 -0.350459 2.30801 
7.46716 0.942305 3.5968 1.58258 9.20611 8.30642 -0.0486312 8.60306 5.61438 -0.494812 6.58762 3.48267 0.145772 7.79432 7.88618 5.64338 
1.84443 9.11425 1.80964 8.83683 1.53009 -0.221976 8.09493 2.82499 8.00734 4.10128 6.61509 4.53464 5.85395 7.281 -0.0144505 6.49454 
1.35461 3.84553 9.46948 5.37268 8.14284 6.98344 8.24203 8.42331 9.10967 9.05962 1.08696 0.654515 6.14785 8.63968 4.57859 0.535493 
4.28774 4.32894 6.81193 7.04509 1.79163 0.739967 0.750954 5.88569 2.76731 6.90257 0.250145 7.66858 3.86323 2.4255 2.81309 5.88264 
1.60944 1.72907 8.15505 7.46289 1.96345 1.65155 6.62485 3.76771 8.62839 2.74992 6.55679 4.78031 1.69977 -0.397153 4.60849 4.34207 
3.21166 0.433866 8.14864 9.23876 1.13274 1.35675 3.75947 -0.0590075 8.39096 5.56952 0.916364 5.82313 8.47061 2.79691 4.90208 2.66233 
4.1617 9.30316 8.02474 5.2387 1.0128 3.779 3.19732 2.84269 2.05379 9.42676 8.94639 0.509552 5.35009 7.54254 -0.0983764 3.78358 
0.952681 2.91929 1.84718 -0.166433 8.80479 6.37704 5.37451 2.72764 4.1675 4.73392 7.21966 5.68091 2.12856 3.53424 3.33465 8.08669 
7.75404 2.83842 2.76243 0.147603 3.44787 1.39459 6.37124 2.91624 0.0822932 -0.497864 -0.48291 6.55679 3.45795 5.87837 2.69742 4.6442 
2.65989 8.83866 9.24883 7.30938 1.86976 7.11132 4.16262 1.04515 2.19967 0.589816 3.07768 7.98628 5.10442 6.3392 5.50635 2.46976 
3.94136 0.169881 1.36529 7.70032 5.23717 9.09136 4.86882 0.318506 6.2217 4.95213 4.84532 5.69709 0.195822 4.59323 5.54694 1.76936 
6.29464 6.80705 7.00542 4.20687 5.20421 1.43335 9.00377 0.755531 7.40155 0.89317 7.7223 7.54621 5.47583 9.47589 9.12462 5.18987 
7.09178 0.695105 8.14254 7.4693 0.162862 8.02321 7.72596 0.442412 6.79301 9.31384 6.81712 4.76933 7.54926 0.232749 1.31341 9.06877 
16 16
1.49499 3.77961 9.08922 6.78263 7.50043 4.96281 5.69617 3.23058 9.13469 7.77082 2.20852 4.68601 4.3854 5.37329 2.71482 3.08959 
-0.180776 5.90828 4.2908 7.74458 0.929182 7.6872 2.63211 4.6738 5.31439 5.90522 3.17382 -0.487182 5.25488 1.16814 6.75883 6.74723 
1.24322 5.14837 3.92366 3.11339 3.03557 3.68043 6.85588 7.97163 -0.216178 2.61289 3.09203 8.46146 5.81458 6.72587 0.0169836 2.25918 
3.61267 7.02586 4.22427 5.74165 0.576083 6.73472 4.80351 0.374355 1.10161 1.28045 4.61643 5.13555 0.565401 2.60465 8.62381 7.78516 
2.76182 3.10057 3.32397 2.79722 7.35913 9.48962 6.36941 8.76359 8.93999 1.9543 0.419218 3.08074 4.1849 8.83775 0.295312 6.73869 
8.76298 2.21828 7.49921 7.01518 0.492462 4.68204 1.15471 0.897137 0.33346 2.59153 9.44293 7.03319 7.77479 6.17867 0.580355 9.03642 
2.17617 1.75959 7.41986 7.9463 6.63584 6.39657 4.71805 6.66391 5.93147 0.309046 3.14818 4.17116 5.11357 7.35577 9.10936 2.34982 
0.301111 8.89085 4.40127 3.208 8.24905 1.31616 4.82426 9.33032 6.2452 2.63425 1.7663 5.36444 8.90611 8.31832 5.84419 3.35449 
3.42468 1.81208 6.65293 -0.265923 -0.157582 -0.0297098 7.69544 6.79209 7.89961 8.75413 0.548311 6.42312 7.03136 9.48932 7.33013 8.97935 
1.07201 1.01006 5.52863 5.02538 4.22854 7.9875 4.26058 2.82408 -0.116993 0.765908 6.01387 9.35015 8.79563 7.01427 2.94279 7.65668 
8.25729 0.50589 1.77729 8.39828 8.76908 7.34265 6.40695 8.33023 -0.202445 4.92772 2.20272 3.58887 1.18004 4.01064 1.14159 0.573336 
1.73212 9.10631 1.79194 2.23568 1.62714 7.60877 3.22692 2.59244 0.107929 2.90739 6.92393 7.27429 5.09282 1.81941 5.71662 2.92082 
6.23727 1.65247 3.86048 3.2376 8.01711 7.20684 7.27123 4.52274 4.39212 3.03252 8.00612 8.48312 1.61585 1.2539 2.04067 5.14348 
0.750649 0.271508 4.4144 3.66944 6.45334 4.65488 0.797342 3.91145 3.59162 1.54138 -0.452696 6.48294 8.25912 3.85011 3.31848 4.18947 
4.73972 5.62537 4.28133 2.6138 5.00127 -0.181082 2.01961 2.67728 2.26131 3.8321 8.16604 2.98338 5.20605 3.11644 6.83665 4.7617 
4.40951 8.16085 4.93168 7.21996 7.52759 5.16332 1.35919 6.11916 4.81938 5.71326 9.24883 3.38501 1.56763 5.78437 0.213523 0.566317 
16 16
-0.0513779 6.9987 7.69514 4.16323 1.79652 4.65336 3.2022 8.02992 1.6305 3.05754 7.65088 5.56372 6.80277 2.99101 5.19201 -0.158193 
6.48325 6.73441 4.61246 2.61625 6.08834 1.03111 1.70344 3.45154 1.10588 1.86274 6.1802 5.21764 1.878 6.35598 7.21691 3.73811 
5.89912 2.12673 6.65415 4.41287 9.20183 9.38556 3.94777 3.62488 3.38226 6.09932 1.91707 7.74671 -0.16277 1.5423 7.35577 7.55445 
7.76624 8.53073 5.56922 0.866314 7.50806 -0.334895 2.90068 1.21606 5.77247 7.88893 6.30837 5.37268 4.32711 6.67338 4.05275 7.5221 
8.70438 0.147298 6.56473 2.92021 8.49228 8.47977 1.54749 8.83348 5.76637 8.82615 2.38247 5.57135 3.23211 7.15679 3.89619 5.43768 
8.6348 1.27709 4.55387 2.3956 7.00145 0.348415 9.14232 0.27517 7.27856 1.22765 1.0006 2.32266 4.92558 6.93614 7.86909 -0.0849483 
7.02922 7.56696 0.40762 3.2431 1.49683 8.95097 7.45892 1.78248 6.90043 9.38464 7.10582 7.36065 4.51907 -0.260735 7.599 7.63471 
9.16002 7.26147 7.20409 2.79203 0.302942 8.37661 7.04112 3.28704 0.147908 0.808329 5.97298 1.42206 0.111896 0.330103 1.60761 4.59201 
2.35012 2.45358 6.47714 3.00108 7.85749 4.37503 3.45184 -0.337642 7.71467 7.48456 9.4588 5.49902 9.04283 5.75721 1.56214 7.35089 
2.22439 0.333766 4.46902 1.70679 0.960311 5.60675 3.52356 1.97353 1.71747 7.12108 2.25246 2.08705 4.13668 6.6041 8.52341 4.28957 
8.95738 4.43973 8.37875 3.87574 5.0266 4.89171 1.60883 8.72605 1.95155 4.39792 8.12545 6.43503 -0.0410016 8.2402 9.19665 6.85435 
3.52448 5.90675 2.61136 2.85307 0.333155 0.460112 5.82893 7.11773 2.13619 2.21889 6.1802 7.79676 9.06267 2.06905 2.18227 0.806803 
3.95265 4.71836 5.03056 1.61219 8.27132 7.20257 4.32528 4.28744 6.16677 2.95927 7.10216 0.678625 8.23836 6.7805 4.22518 7.47601 
1.56854 0.955123 3.20586 4.00667 7.59412 7.91945 1.50812 8.56613 4.36496 -0.282403 9.40844 6.0923 4.76505 -0.40173 6.46463 5.00584 
7.25048 6.04622 0.663976 6.01784 0.669164 4.57157 4.30819 0.724708 -0.272332 7.56574 5.698 2.80241 2.66111 7.53278 0.683813 -0.391659 
7.67713 4.01704 3.13933 7.00603 -0.272637 -0.470397 8.42514 5.2271 4.17788 4.79618 8.90275 8.57834 8.93236 8.62839 5.56159 6.81101 
16 16
3.11248 6.82536 4.57797 1.47729 4.81449 4.17605 8.53531 1.44189 -0.177419 3.21471 2.92051 2.7075 5.98366 5.19231 4.61155 7.7522 
1.53101 3.39935 4.7559 5.07207 0.161641 4.19436 6.94072 0.920637 7.06493 5.15722 3.97798 5.20879 2.47494 0.686865 2.36172 4.37564 
4.30422 0.353298 8.46695 9.04833 6.41977 0.312708 5.54694 9.29522 4.12935 3.10576 5.59577 5.2915 3.43384 6.14327 5.13494 6.20827 
5.61499 4.19863 8.98943 5.13494 3.71491 6.2159 1.1129 2.8491 2.47525 1.74616 6.53055 8.24874 8.29299 7.32525 3.45032 8.25515 
0.760109 8.10714 -0.380062 5.00218 2.3489 5.06047 1.98054 3.12133 7.80012 3.04839 3.68317 4.94053 -0.214347 0.0951109 7.5343 6.40054 
2.40078 3.16039 -0.0733512 1.51147 9.04955 0.726234 4.32253 8.15444 6.28945 7.51874 8.34884 3.04259 0.196738 1.66315 3.56934 8.65708 
6.80979 -0.399594 1.99519 -0.0339824 3.21929 9.06603 8.39492 3.74421 0.866924 5.44745 2.46762 8.29788 7.6109 1.83589 -0.0538194 6.41671 
0.123798 8.07997 6.68192 9.36084 3.18847 9.15423 4.78428 4.69089 7.44549 8.16085 4.87461 5.76484 2.16366 4.26943 3.51227 5.70075 
4.59354 0.910566 -0.13805 3.63068 2.46152 4.53861 0.660924 6.04866 1.17425 9.2702 7.54834 1.06865 2.29183 7.71558 5.8213 8.40835 
4.83189 3.31512 8.68119 2.90373 5.96931 4.48978 6.02638 4.37533 2.69315 5.9214 1.86213 1.65186 0.982894 7.2752 9.38495 3.56842 
4.06526 4.67624 7.80348 4.74827 6.31814 5.2503 -0.0364238 8.98271 4.37869 0.0456709 4.83494 8.02199 2.0248 5.64643 3.92122 8.58872 
0.383816 -0.213431 5.66321 5.42425 0.0401776 1.28625 6.88884 3.18603 6.59647 -0.389523 5.37878 5.0034 6.2568 4.37472 2.60556 0.504975 
2.99101 0.0993835 0.713721 1.13305 3.8437 6.53604 2.79936 5.55609 3.94929 -0.132557 0.550752 2.98735 7.81812 5.1035 8.32046 7.23309 
8.45322 4.97746 7.67927 9.26836 0.862651 5.65986 1.5246 1.16509 1.52979 4.603 1.80323 9.18139 0.39938 0.823893 -0.0947142 8.8173 
6.94957 2.94401 3.80128 -0.336726 6.90684 5.29211 0.976791 2.84178 1.16784 7.38965 1.23193 8.85881 3.49213 7.12505 8.40683 8.68058 
8.52371 2.93272 5.09282 5.84449 6.71122 5.28845 9.39929 2.41665 7.68232 2.83415 7.8282 6.60959 8.63846 3.44238 3.32794 4.87492 
16 16
0.186972 -0.021775 1.61768 1.97505 5.12914 7.82942 3.72651 7.59107 5.68061 4.31033 8.87956 1.33172 7.89351 4.26028 8.58109 5.62445 
8.67173 9.41302 5.29028 5.10656 3.05358 2.80241 0.45706 8.77549 9.01292 0.610569 0.228782 9.11058 1.34149 6.76707 2.89946 5.98183 
1.1773 0.616672 7.15679 8.15413 2.73893 2.9666 5.19475 0.202231 3.82905 0.822367 -0.249138 7.64997 1.672 6.13076 9.13164 8.14193 
0.642918 8.83653 9.28851 1.46417 3.45672 -0.431028 7.00786 6.2275 2.37484 2.27291 3.27697 6.01814 1.99458 2.08583 0.887371 2.8372 
0.182699 8.79167 5.33941 0.63834 8.7172 1.14342 3.10973 6.77348 0.196127 2.38644 6.34591 4.16109 2.78196 2.27688 8.04671 1.99214 
9.33703 5.92445 6.79606 7.7812 2.51767 4.75773 5.109 8.57865 2.38949 -0.0648061 0.452788 4.15499 8.11995 3.5083 3.00749 -0.0275735 
0.320948 7.64997 9.22594 2.75114 5.59516 7.26543 5.25793 6.44754 -0.147816 6.28976 9.30163 1.45349 1.95796 2.99437 6.9395 4.83494 
4.27706 4.60575 8.5289 4.41134 1.67414 6.55435 2.70292 4.50198 5.5332 6.66727 5.0504 6.14083 4.35855 -0.389828 6.02974 -0.422483 
7.5224 1.9015 7.187 1.8777 3.71766 2.79875 -0.263482 7.42993 0.680761 1.38269 4.56729 4.17849 7.74763 5.14104 7.73634 3.3908 
7.80012 0.370388 0.51413 5.77125 0.176595 -0.292779 8.04427 1.73518 1.09551 7.09941 5.67542 8.65799 3.16375 5.53137 7.03624 2.90526 
0.529084 7.81812 2.90678 9.46582 1.24078 5.774 4.95671 6.98863 3.37799 8.07784 3.40576 1.04881 6.51041 2.1368 2.67606 3.4436 
5.05467 0.272118 4.09304 0.339564 5.08824 5.52771 -0.301019 7.07744 1.17913 7.42596 6.24612 2.45053 4.80229 2.97301 3.42224 0.269982 
0.896832 3.23363 5.38244 1.02501 4.13454 0.782998 -0.358699 1.45441 1.45135 8.35006 2.39132 4.84074 2.41879 3.96547 4.31033 -0.160329 
4.0027 2.92631 5.91774 0.658177 1.28411 1.88929 6.54764 6.39016 0.697851 5.4032 5.99373 2.32601 7.35211 0.199484 2.89518 1.04973 
2.99345 7.54621 8.92289 6.12923 6.1802 8.98088 2.82621 6.22048 1.22246 5.73707 3.41156 2.39224 7.45801 7.17174 5.50238 6.48782 
5.41754 8.51181 7.95393 3.33129 1.45257 3.22784 7.7812 4.59812 7.37957 0.34994 9.46155 7.15435 6.70481 2.03731 3.47534 3.68378 
16 16
8.97172 8.08486 3.85957 5.74195 1.82398 5.3388 3.66608 4.60483 1.4248 4.86363 9.42859 6.35904 2.88572 8.76847 7.47906 9.02513 
6.09413 0.541597 2.90434 5.68793 1.76264 3.14757 6.50552 -0.133168 6.56381 -0.124012 3.49518 5.67512 3.90504 8.26064 2.9959 5.57379 
1.91615 2.37423 2.40201 3.53729 5.20238 3.81837 5.66688 6.44143 1.92958 6.71152 -0.422178 1.48645 2.80668 6.99992 7.08385 2.46854 
3.52173 1.39245 1.73395 2.70872 7.20043 6.24032 2.29427 7.45892 8.44498 1.66681 1.59937 3.58856 5.51794 1.26885 8.70957 9.37274 
2.23293 2.69193 8.42666 2.18685 6.1155 9.40051 7.23888 6.92821 4.39456 8.94884 -0.248527 2.96721 4.3912 8.07204 4.67106 2.45297 
-0.139576 -0.0965453 4.39975 7.77265 -0.143544 3.63373 7.30877 0.986862 1.67719 1.92409 6.7457 3.05113 4.45529 6.38681 5.84907 5.63178 
4.95366 6.44266 2.21889 3.33374 2.13405 1.87251 1.5188 9.153 2.0547 4.37014 4.06313 0.9597 -0.336421 8.41293 3.45581 1.83283 
9.04894 6.76066 1.34332 2.05379 8.70866 0.897137 7.34204 5.57135 3.40179 1.72449 8.20449 8.75352 9.1469 0.822977 5.286 4.23647 
2.92235 7.59351 4.37716 7.68354 3.64136 2.58512 6.9572 0.26693 5.95711 2.33395 6.93919 4.68479 3.46008 6.01326 1.9662 7.52484 
2.8372 9.21252 3.31909 5.78925 5.54572 5.1621 3.50037 0.393582 8.57224 8.70713 5.55731 4.44736 0.83549 3.35052 3.20464 9.13469 
6.79606 6.67429 5.81214 5.00432 3.83363 4.45071 7.31549 1.48401 4.9619 8.76084 3.11797 2.42642 3.42987 0.425932 4.04237 0.506806 
0.788186 1.06987 1.39398 8.27834 4.97014 5.12181 2.20241 8.69919 -0.0458846 7.07378 8.70042 2.94829 3.57666 4.303 1.10161 8.33663 
5.04369 0.776894 7.74702 4.12691 8.71903 1.94392 1.66865 8.07936 5.74104 6.1332 7.6518 1.5307 0.0340739 2.76731 8.83744 5.8216 
0.277917 2.70688 6.94743 7.88252 4.39639 1.03325 5.17888 7.79432 8.12697 7.58832 7.8401 6.1335 4.23739 5.57776 5.7859 3.91481 
3.94716 3.55683 1.71686 2.94371 7.11803 1.10314 4.40432 9.39166 2.77982 3.4967 5.90309 8.40683 6.54703 5.7154 0.815958 2.5726 
6.49423 1.05889 1.67109 2.02602 4.05153 4.715 9.47345 9.04894 1.48096 7.57764 3.49731 4.94267 2.49844 0.634068 9.37915 2.00496 
16 16
0.664281 -0.472228 5.22161 8.82157 8.3757 6.45914 3.54889 8.52524 9.05473 3.51074 -0.243339 3.9261 2.4368 -0.374874 7.5697 7.19616 
6.9752 -0.451781 7.44153 7.89503 6.22079 0.930708 6.5043 9.37884 0.852275 4.49435 9.31506 2.80424 7.91121 2.57932 3.46802 6.54642 
3.80342 6.38101 9.13286 3.83271 2.63761 7.19127 6.57816 6.41977 6.45608 1.95674 0.749733 7.11162 8.91984 8.46634 6.95994 8.94212 
9.01933 0.477203 6.75211 3.82752 6.36148 8.09951 8.00581 8.50632 4.60422 3.74268 8.3406 0.573336 4.59751 8.94395 5.88325 2.43039 
3.79365 2.38705 6.4631 5.951 3.48907 4.42538 1.29174 5.68671 0.462554 8.41903 4.19771 3.4201 4.5679 4.20565 2.47098 1.87526 
8.84843 4.00789 0.385952 0.403348 3.732 6.0981 9.46002 0.452483 1.87159 6.52597 4.5145 3.63526 5.19201 4.22976 -0.398984 0.206503 
0.705786 -0.165517 2.8488 0.764382 6.66453 3.45703 4.30331 8.98515 5.59851 1.82582 5.81611 8.20632 5.81947 0.0294961 7.0457 -0.329402 
7.93989 8.20968 6.63675 5.24236 7.97407 8.50296 2.63578 2.4078 3.5849 2.55368 1.20873 4.37472 5.03819 4.90391 7.72047 3.08013 
7.42383 2.57291 9.2409 7.92463 5.71113 6.1448 2.53964 8.03572 9.2 2.66782 6.63248 0.885846 6.92485 5.68641 3.93709 5.06444 
0.582492 2.71299 9.10997 0.0264443 6.54031 5.45325 -0.383419 0.624607 3.48663 3.09813 7.10765 9.23968 7.29351 3.99629 3.65143 3.31909 
-0.357784 6.0154 1.90028 1.14373 1.98878 0.908429 3.23913 3.62244 1.41565 2.99834 2.98735 4.9384 -0.053209 7.48761 6.71305 -0.143849 
3.87941 8.71262 6.72434 0.500397 4.69761 3.65082 2.79752 0.417692 8.13247 0.993576 6.20705 8.74009 2.92631 1.09917 1.11687 2.2543 
5.87074 7.13634 2.40231 8.1993 4.67014 2.73099 3.95296 5.59149 5.20757 6.43289 6.5336 7.9051 4.76139 8.30612 9.2528 4.90819 
7.74427 8.9644 3.71094 6.47134 5.52405 6.35995 4.88591 6.16463 6.88914 0.63712 7.81629 7.44916 0.719214 2.36752 4.15346 0.278527 
7.42901 4.4733 7.6344 0.927961 0.739662 3.15795 2.54544 2.85124 6.34957 8.15017 4.23647 1.39001 9.05626 7.57825 5.74775 0.143635 
4.90452 7.7873 -0.386776 1.80873 -0.0889157 3.40667 8.90153 1.30517 1.93721 7.98811 6.55741 4.00148 7.26635 0.518097 7.10857 6.84764 
8 16
9.48108 2.59702 0.268151 2.47983 6.31539 -0.0434431 8.9171 1.40069 
3.80067 8.21548 1.62592 1.93233 2.88969 8.91435 5.57318 2.13649 
5.61499 2.30831 5.93544 3.65418 0.533967 7.28008 7.39972 3.42621 
8.82096 9.3178 1.47211 8.01222 2.5604 1.87617 3.65479 8.31619 
1.81819 1.42572 -0.458495 7.53858 2.037 1.50537 3.91023 0.161031 
8.33114 6.09444 1.85878 4.78062 8.23562 7.61151 6.05934 8.60215 
9.47711 -0.145985 9.18444 6.4042 4.32437 1.1953 5.57471 1.79102 
7.0869 8.34335 1.20507 3.54218 6.3157 5.9803 6.01601 4.86973 
8.27743 2.59641 7.66828 8.40042 3.25927 7.82301 0.787881 4.69364 
1.26855 1.58441 0.762551 7.10491 8.68943 0.379543 6.14815 0.810465 
2.45694 1.00273 8.75382 8.80631 3.31817 7.02007 5.46484 2.68674 
4.73301 8.311 0.864788 1.02989 8.98363 8.99095 4.72416 3.18328 
7.05394 4.02132 3.41003 1.27862 3.84126 -0.1704 9.28912 8.2817 
5.2622 9.23876 7.17754 4.88347 8.81364 6.03035 1.90638 3.06182 
4.15712 9.44812 6.06209 9.10509 5.28173 3.95479 1.96467 3.92854 
0.814127 4.5557 6.94804 3.48541 4.03322 2.99986 6.00227 7.08751 
8 16
1.43396 2.38675 3.63862 5.0858 7.5343 7.62799 6.60807 2.15297 
2.2546 4.15651 -0.420347 1.67627 0.0282754 6.82383 8.55423 9.00102 
-0.214042 8.94029 8.29177 0.766518 3.83912 1.87648 4.76231 3.81562 
2.40719 7.73267 8.39248 1.69794 5.35376 0.380459 2.17617 6.5867 
7.68873 5.20574 3.71491 9.41516 0.405179 2.84605 5.24053 6.05019 
3.21105 7.25018 0.692663 2.31442 0.715552 3.36425 3.90901 5.66535 
8.63724 4.76078 6.98985 6.34896 1.59235 6.52017 2.90251 5.84022 
9.03063 3.6789 1.38513 5.37695 0.873638 0.557772 2.21615 2.40872 
9.42737 1.27953 4.90513 7.76533 9.1234 6.79331 8.87773 1.35888 
0.655431 8.7114 3.20586 9.23998 1.07598 5.2796 -0.0446638 -0.193899 
6.40603 -0.215262 0.206503 1.98878 8.33358 6.72007 6.81529 3.22265 
1.55206 6.01204 2.9724 0.0121006 3.30902 0.632542 0.629185 8.91221 
1.72083 7.89625 7.84681 0.724708 4.42294 -0.235405 9.13347 5.73798 
4.11196 2.46884 7.83491 2.80668 2.54758 0.755531 4.63504 0.0978576 
-0.430113 7.0811 1.23528 0.305994 8.70377 1.05248 3.27056 8.15322 
5.90248 9.44171 1.5249 2.98949 3.00414 2.07241 5.51398 4.30178 
8 16
4.82579 7.31396 3.23852 4.08174 4.34848 4.21633 0.436613 5.82038 
7.98018 0.237022 1.25573 7.83247 5.19658 8.84904 4.57981 0.559603 
8.38913 6.72983 3.81593 8.45383 5.18529 3.05235 0.279443 6.06972 
1.41443 6.83848 2.37881 6.76188 6.27908 7.69269 4.66526 1.78309 
6.29678 0.226341 5.80726 2.61319 -0.42645 7.48914 -0.445982 4.31704 
6.97368 3.71125 7.75068 2.75449 1.7425 1.67963 9.46155 3.44848 
4.15316 5.05345 5.27776 4.92528 2.73191 0.933149 0.855327 4.34176 
8.63114 2.99712 8.75932 8.20876 4.70615 0.515046 2.66691 6.02486 
5.86372 3.55713 3.00047 -0.366634 2.24239 -0.299493 8.04671 6.11489 
1.78645 2.55979 -0.375179 7.02556 3.77717 7.43939 7.37347 1.79713 
-0.115467 4.43149 0.706091 8.10988 4.30056 4.26791 2.51126 7.04906 
-0.485351 7.23675 3.65052 5.86097 9.30193 0.476897 2.31808 6.11794 
5.47308 3.96821 7.33135 0.105792 -0.0355083 0.521455 9.40265 3.24767 
8.8173 0.0862606 9.46979 5.37451 -0.386776 3.68836 8.13277 8.65525 
8.93632 7.30725 5.26983 5.00157 1.4068 1.00822 3.89253 0.756142 
6.87053 3.64167 7.29931 1.47913 7.28497 8.41995 3.59223 4.64359 
8 16
6.19912 7.74946 7.95424 2.8079 6.73807 -0.218925 0.227561 2.92967 
9.39471 1.20354 2.41543 3.11553 0.248924 9.42279 0.349025 6.7158 
1.71686 4.79771 5.14501 8.8054 8.30367 -0.384945 7.52545 9.46643 
8.01039 0.131733 2.94371 4.66831 0.941389 6.99596 1.57038 2.55826 
1.68482 4.35885 2.20486 7.97316 7.02281 2.99315 4.17574 2.98888 
5.53656 7.72413 6.29403 6.316 0.671606 4.4913 6.916 9.35412 
3.81745 7.35363 4.18429 1.72266 8.97356 0.743324 0.507416 4.07381 
5.5567 7.29351 0.338343 1.00212 0.918195 6.53635 5.31744 1.86915 
9.12951 4.79984 5.84114 2.34494 7.59748 1.60395 3.11888 4.48886 
8.07906 2.87596 0.781777 8.17672 3.64838 6.2925 0.10152 1.68574 
8.18618 9.06389 7.88923 4.25845 -0.0507675 3.4732 1.12755 8.44375 
5.78864 0.480255 7.41101 5.04064 7.56665 6.70695 5.24023 8.45291 
7.35333 5.1093 3.24981 5.26189 2.94737 4.65915 2.42093 3.83851 
0.295312 9.33795 0.344142 7.80164 4.36679 1.76203 1.59845 1.13518 
5.04888 1.74738 3.302 7.78181 -0.377316 5.13066 -0.094409 3.51563 
8.38638 3.15215 6.28304 2.91899 4.98051 7.72504 3.18694 9.26501 
8 16
7.09728 9.06389 1.67261 -0.396237 -0.316279 9.38098 0.804361 9.00865 
-0.0840327 6.80155 3.82051 5.24053 2.04219 7.97926 7.56177 2.37088 
5.0623 7.26574 -0.0852535 8.9116 1.92409 5.3739 5.0739 8.28292 
9.36267 6.10878 4.59903 1.88258 -0.0535142 6.47409 8.34213 2.56375 
2.89671 0.474151 4.29476 1.33447 5.2329 1.91676 1.42907 5.09313 
-0.181997 6.53482 4.58499 8.21303 1.85847 8.73307 5.47156 5.78437 
0.423795 3.28155 8.8469 1.33142 6.54764 7.25964 7.93348 6.81346 
4.47513 2.56436 8.13491 7.72291 7.61609 4.30453 3.11675 1.09459 
5.76759 5.37878 2.31289 9.23968 5.16881 2.56162 3.91908 7.00816 
7.95149 4.40616 2.43802 5.40747 2.54453 6.27297 4.83921 9.37487 
1.60242 2.80302 4.39212 2.52499 9.01109 3.1436 6.23818 6.68375 
2.54147 9.23998 3.76557 9.01659 3.70942 2.50638 -0.155751 4.56943 
1.40466 9.19024 1.9897 7.03258 0.85136 -0.264702 5.51276 5.53748 
4.46475 2.46915 3.7204 0.302637 6.16311 6.90989 9.23205 4.94115 
5.70045 7.02342 5.46912 8.23653 4.58103 -0.272027 2.38339 3.2083 
0.117084 8.96959 5.48773 6.27389 9.19695 0.671911 2.24728 4.31796 
8 16
4.06282 1.62867 3.28063 7.80927 3.16649 3.07402 1.99184 4.58438 
7.96278 1.77729 1.23254 6.9218 2.43069 8.95189 2.91594 7.42779 
8.71873 3.25439 0.762856 0.861431 -0.222282 9.13744 6.49973 1.79591 
7.63959 8.26522 6.85618 -0.130726 8.90031 9.31109 5.42822 0.452483 
3.97493 6.44327 8.46359 3.53729 1.68482 1.8188 8.63877 8.65738 
5.73615 2.38888 5.88478 8.66105 4.65885 6.33798 9.32757 0.141499 
1.76447 9.45941 9.40173 3.34106 6.68467 6.78965 4.20687 9.33795 
5.05406 -0.194205 9.16033 7.33471 7.90449 4.50381 4.0146 -0.14629 
7.32067 0.664892 6.30349 8.65738 -0.0632801 7.63227 5.27074 9.20031 
4.82151 6.89586 5.35528 6.4335 7.32189 6.81407 3.28552 -0.234489 
5.42761 -0.229911 7.852 -0.00132756 0.215354 7.08812 6.41702 6.04653 
6.94163 2.01076 7.22576 4.25265 8.33602 6.05934 1.57984 8.11995 
6.67032 9.0819 4.93748 1.25787 6.15731 8.30978 1.00182 1.3717 
2.24331 6.72617 7.85932 8.0934 9.35809 6.06575 0.232139 2.47433 
3.6847 4.75559 6.90745 0.954817 2.51218 6.10939 7.40063 1.61158 
6.73197 7.08934 6.92515 5.50848 8.03877 2.94432 3.72193 0.955428 
8 16
8.63907 0.814737 6.66483 5.76453 2.16579 5.91896 8.61405 5.18438 
6.95262 5.87715 5.41388 5.87501 8.27041 1.77424 8.11202 6.78843 
7.97865 6.88517 5.32568 1.74616 0.594394 4.71378 0.376186 4.28378 
0.00874355 5.0974 4.22701 5.09343 8.40744 3.68958 8.27865 -0.123096 
3.96272 5.13738 6.0981 0.421049 8.85911 5.25732 8.1288 6.70817 
4.2084 2.53323 8.45566 2.87443 3.42773 4.23983 7.68293 4.82823 
0.632847 7.50775 0.985641 2.34127 5.61499 0.642613 5.40228 3.42468 
1.96223 5.01439 5.42578 3.80311 -0.111194 2.81706 0.9597 9.29888 
0.331935 1.02989 6.69901 3.9377 1.88197 6.87419 6.9987 1.59174 
7.10765 5.0916 5.29516 3.96883 -0.164602 2.34921 2.13924 2.76182 
-0.0461898 9.08647 0.905377 8.7703 7.29382 4.11531 5.2387 5.8097 
1.15685 2.2897 7.30389 2.21462 7.05089 0.548311 0.895917 7.75617 
7.1928 2.65561 8.48007 8.77763 6.34561 7.9405 6.21285 9.36908 
-0.45117 4.35519 6.02303 1.38726 3.30657 1.16295 8.79868 1.13793 
6.79392 1.56519 7.75373 5.52771 4.64725 0.583102 6.03066 5.50299 
7.89808 8.50784 7.60694 -0.412107 4.61216 5.22588 5.56067 5.32965 
8 16
7.36859 6.99413 0.71189 6.80888 6.663 7.97468 0.494598 1.33569 
5.3034 3.84706 2.12551 4.81419 1.41656 0.879742 -0.151784 0.355129 
3.13536 7.27917 6.23971 3.65448 8.1053 0.912091 0.278832 5.02324 
8.63877 0.101215 6.22292 9.01964 4.0735 2.79417 7.34265 9.48901 
6.90257 4.42752 3.5849 2.82591 4.23556 -0.208853 7.22301 7.27367 
1.15288 9.21404 5.55914 1.06835 7.52087 4.37259 4.73728 7.24651 
4.82151 4.04726 3.73536 7.92219 4.56912 5.12761 2.59366 5.85121 
4.86699 9.18566 3.9438 6.09322 6.67521 -0.0715201 1.9015 5.58203 
6.34469 1.84443 7.38629 3.42071 5.98518 5.34643 3.92671 -0.289117 
8.22707 8.73948 3.0197 5.72944 6.94072 2.31228 3.10027 3.26476 
0.474456 4.87248 1.1892 5.92872 8.97569 8.03389 1.27709 0.24984 
2.35501 8.57224 8.5109 9.36724 0.460112 4.15804 3.24218 7.13146 
2.01503 2.78257 4.00331 5.43188 3.8965 1.18554 3.46954 2.55643 
7.29962 2.60221 6.47317 5.40045 2.36416 9.13561 4.13027 3.33404 
7.82118 9.07366 3.14452 6.54428 7.2163 4.45804 4.34878 6.65995 
8.28353 9.22137 -0.455138 2.47708 7.02251 3.19945 0.712195 8.59268 
8 16
1.79438 5.53656 9.30895 9.28271 1.63782 4.29934 2.45877 8.56613 
6.43319 5.4328 2.12947 1.45471 8.72514 5.70258 -0.175283 3.03099 
9.48199 8.55728 1.14159 3.67676 1.03996 1.54047 4.78092 8.29177 
0.696631 1.77302 7.35607 8.11293 6.5043 4.80839 8.06929 2.94096 
1.83772 7.18487 2.31075 6.59189 0.295007 7.97926 8.2463 3.38073 
7.48791 -0.323908 5.4566 8.4581 1.29357 3.66944 -0.310785 -0.201224 
7.12383 0.699683 2.78776 4.67319 -0.222587 1.55206 1.85572 8.39462 
8.43674 8.31527 6.72587 8.16909 6.3688 1.52185 -0.210685 -0.144765 
1.9012 3.47961 7.25231 0.446379 2.22591 3.10729 5.87928 4.0848 
6.5983 2.58542 4.29049 4.42904 0.493072 1.13701 2.86741 1.17699 
7.28253 6.25008 1.33996 3.56446 8.99217 7.65241 8.10683 8.64548 
2.70444 4.35458 0.358486 7.1751 4.16933 0.0713065 9.06755 4.8972 
5.18072 7.3338 7.89503 2.05989 6.29067 5.60462 0.0966369 8.96165 
1.4129 3.71339 2.47128 0.347194 5.88722 1.91676 0.425932 6.46524 
4.55966 3.90138 3.21715 3.59436 1.44952 4.04237 3.42834 1.85939 
7.55628 0.22512 -0.249138 3.14055 8.37539 7.54956 7.12627 6.89677 
8 16
8.46023 6.81407 1.34179 6.52536 7.07134 4.95213 4.33016 7.40277 
8.75993 5.38092 1.18737 8.51151 2.05104 0.675573 4.74003 4.71775 
7.31091 -0.159719 2.66874 3.90229 3.12987 5.40808 7.45679 3.3667 
8.35159 3.60871 7.13787 3.8379 1.30486 2.91502 0.907819 8.88566 
2.81126 1.28045 8.66257 2.55795 4.51846 7.37957 8.5228 3.05724 
9.13134 6.16707 1.41015 5.25732 4.10128 4.06404 6.73899 -0.112415 
5.3327 4.08602 8.27956 2.18471 2.47098 6.22567 4.26241 7.83216 
2.33883 3.40027 0.783609 8.99614 2.07485 8.28018 2.57199 8.27194 
8.54538 1.30639 0.183309 3.35418 5.5857 5.21551 7.68079 0.240379 
5.6391 6.37551 -0.131031 7.78333 7.34845 8.25698 3.14025 1.4013 
5.67084 7.3399 8.99492 8.76695 6.07338 6.77897 4.30148 5.27319 
9.37335 8.13308 7.35943 2.10262 8.78373 6.47226 3.82081 4.70646 
5.73218 9.18017 1.54108 4.50198 6.00838 3.7555 8.41842 1.61127 
2.80729 4.93504 2.27963 1.4422 8.23012 6.44021 6.88578 2.93303 
-0.197867 7.67042 3.1079 1.26824 3.57819 0.645054 9.34436 2.87901 
0.384426 7.5166 0.236412 5.54358 6.77561 3.95936 7.7519 1.39459 
8 16
8.90825 6.19729 0.697851 6.87693 7.94356 4.9912 0.932844 3.37249 
5.70167 3.43719 0.0612354 3.69874 8.24996 5.23321 6.29373 0.317591 
1.91523 5.24999 8.45749 1.42175 3.10454 6.32302 6.8809 4.52518 
8.77061 4.10463 0.0798517 2.65958 9.08159 5.29852 1.30731 0.974654 
8.86644 -0.414853 4.02681 6.56503 9.38556 0.551057 0.375881 9.33001 
7.00084 5.93208 1.68146 6.68192 0.299585 2.4899 5.08519 -0.0849483 
2.24056 5.8271 5.34704 5.04643 8.87986 0.456145 5.88783 5.94154 
1.24169 0.436003 8.1288 2.53873 1.89906 5.88722 3.19915 1.98329 
2.81889 5.69648 5.06658 5.48437 6.04469 1.72968 9.15514 8.70591 
3.76771 4.856 5.51733 8.50662 9.36175 8.1053 0.617588 3.83973 
5.93239 7.26299 6.78965 3.6261 3.95021 4.22274 3.43567 9.41028 
4.52853 3.40332 9.02452 5.6156 -0.0916623 6.54428 7.9518 5.21123 
7.71253 6.19301 1.32897 3.59803 0.530305 3.19701 5.75843 8.53348 
7.40094 8.51273 9.15941 8.90092 8.74894 4.63962 7.70826 0.140584 
1.3421 7.00114 2.95347 9.15545 4.83219 0.574252 3.16985 6.49606 
6.43625 2.09072 8.01375 8.65067 5.32934 3.11217 0.537629 8.23867 
8 16
-0.318415 4.05733 6.26382 3.67707 4.23525 4.47482 2.09133 7.00359 
5.67634 4.34817 4.51267 -0.268365 9.17742 3.80799 1.18493 -0.266533 
3.58826 3.90718 1.14403 8.32443 4.69517 3.09416 6.62729 1.04485 
4.12172 6.75639 5.69465 6.04286 5.4389 5.14196 -0.282708 7.86116 
4.04512 -0.0294046 4.79038 9.4527 2.37698 5.05223 1.13091 0.226341 
7.01457 1.21728 -0.467956 2.94646 9.24425 0.880657 8.92686 7.28375 
5.64124 2.54422 4.12752 2.84788 0.23397 0.552583 7.80622 9.5 
4.81327 0.419218 5.77308 7.76228 8.947 5.0266 -0.380062 7.14245 
6.26595 2.02022 5.78834 5.17644 8.58292 7.70826 5.12639 5.00768 
4.40158 7.77296 1.99702 4.31368 3.38867 0.115558 6.9987 3.39447 
3.35998 0.140278 2.36172 5.23199 1.35247 3.79212 4.08388 5.33422 
5.33911 8.66227 -0.134388 4.17818 8.14986 8.47092 6.90959 0.0636769 
0.164693 1.24291 8.64487 5.18773 2.337 6.48813 4.44125 2.7551 
6.11122 1.69275 1.37231 7.93745 1.79865 3.44879 2.09255 0.49002 
1.97169 3.51471 7.89076 1.84565 1.44189 5.13921 0.980453 4.48795 
0.378933 -0.0556505 5.09343 6.42648 2.14168 0.692053 8.43399 8.58078 
8 16
2.32327 5.76545 1.92622 5.26617 0.92674 8.46268 2.62998 3.82295 
2.1017 7.85932 5.30309 4.32559 1.68848 5.83442 1.1126 7.86756 
7.62311 -0.0672475 8.36624 1.70008 6.63187 -0.470397 5.27013 7.20318 
1.57312 0.060625 8.49319 0.452483 0.982589 0.62888 1.58686 3.19701 
7.39148 5.30798 2.33975 7.06005 5.97389 3.44177 3.11156 8.77458 
0.0905332 9.26959 3.22417 9.26562 5.29028 6.17043 7.4635 4.39578 
8.32717 5.85823 -0.242729 0.179342 2.76487 7.82362 6.092 0.284326 
7.72169 9.34588 5.72852 8.63114 1.32379 1.38177 4.78336 4.90147 
5.42914 0.649022 1.23528 5.77064 3.18114 3.20983 5.41906 -0.326655 
5.95924 -0.127674 5.06993 7.91975 1.28472 8.72239 8.98332 -0.0318461 
8.24722 5.09374 8.34793 5.6745 2.01137 4.29568 -0.180166 2.32235 
3.97249 7.40521 9.39471 9.25555 9.11272 5.43554 1.14312 7.9167 
7.13176 2.2018 -0.124622 0.110981 8.90886 1.18676 1.79133 2.30374 
4.8563 6.7219 2.18075 8.76695 6.73533 4.80076 4.23861 1.38391 
9.48474 3.83271 8.05647 8.92961 4.6381 0.647801 3.8495 3.6319 
1.88105 2.07332 8.48831 7.83613 0.318506 7.38263 9.38922 8.57346 
8 16
3.37646 1.69275 6.57205 4.98357 7.99879 7.01213 2.37271 4.35763 
3.39599 8.7172 8.19442 0.194601 7.63929 5.74561 2.77647 4.62162 
4.31216 2.44809 2.75968 3.63862 2.64524 4.43881 6.38406 2.27718 
3.29315 7.51325 7.9872 7.35363 1.3186 4.94359 7.36554 5.63483 
2.94798 3.46741 3.06182 0.227561 7.65577 3.2785 3.64197 3.00047 
2.14687 2.33364 6.01875 5.85426 7.7931 0.291955 4.89415 8.65372 
8.09157 2.39041 2.37332 6.63065 7.70246 8.57773 1.8191 5.07268 
-0.365719 8.21151 5.00615 4.11043 2.13527 5.63666 6.63889 1.41259 
1.85084 6.95445 5.29485 5.60614 4.81999 3.29315 4.85752 8.23074 
1.85817 0.900189 5.4975 7.0396 -0.0947142 3.35784 8.2698 8.46329 
5.886 6.24337 2.38461 2.0428 4.65702 -0.457884 9.21831 4.65213 
7.59717 8.1285 2.12307 7.31243 3.4024 5.62201 6.10207 2.42215 
7.65668 1.94057 6.40786 4.20748 2.72581 -0.148122 0.132649 0.206503 
4.55448 0.844951 -0.15453 6.6044 7.91395 5.62964 3.34503 5.22405 
6.67338 -0.424619 8.58689 4.99577 0.650853 8.40957 7.8517 5.70533 
5.61072 4.4733 0.20925 6.84428 7.96492 8.86705 6.35293 9.36938 
8 16
4.38388 7.2105 4.08785 1.16906 0.431425 5.18255 6.14388 4.13546 
2.97728 6.66758 3.94838 5.05406 3.8849 2.97545 7.8755 4.89842 
8.94884 5.5741 1.96132 1.2304 1.4657 1.62958 8.54294 0.544343 
6.44906 7.60999 8.68851 3.21044 7.05181 6.26901 2.5015 8.82676 
-0.242729 7.32098 8.34365 4.79527 -0.0965453 7.12047 5.04643 5.93269 
4.10128 7.65699 6.17806 7.92738 1.10833 0.179342 0.417997 2.45938 
7.72687 3.76191 7.11223 6.79118 1.27679 4.12325 1.06194 5.64216 
5.21978 3.01238 5.61835 8.16512 9.48688 3.47473 8.13552 7.8285 
2.07485 1.30639 6.85313 8.02351 3.47961 8.01711 3.26568 1.20629 
0.516877 5.60309 9.04161 4.38784 1.10588 8.45718 1.55786 8.78159 
6.57022 2.71085 7.10887 6.4277 3.02 8.3403 5.85304 1.60059 
8.38028 4.32803 7.56299 -0.186575 6.62516 2.21401 2.23507 2.23263 
5.78224 8.32992 4.62864 8.31741 1.26916 0.0420087 6.78965 4.4913 
1.12328 6.30929 7.62922 1.66437 4.69028 7.86879 3.61115 9.41333 
1.33111 7.36493 -0.380673 -0.365108 0.71128 4.73209 4.06069 7.48547 
1.23528 8.14132 7.2691 2.41604 8.18648 5.82893 7.27429 7.12017 
8 16
1.88838 2.68918 3.35998 7.1632 8.2054 3.03191 3.7674 3.68348 
9.26348 6.457 8.32687 1.61829 2.28085 1.95705 3.10851 8.60062 
1.82582 8.43216 8.60886 6.56473 6.82353 -0.0892209 5.3208 1.28198 
3.20922 3.84736 0.108844 9.4884 3.78785 7.78883 7.44519 1.42511 
1.86305 4.73911 4.57126 1.60242 0.197653 2.52652 4.64939 5.5979 
1.87159 7.48517 6.96391 5.69953 4.59201 7.76655 8.23501 3.21593 
5.0266 6.59403 4.11074 0.250755 4.71897 0.76896 4.89476 8.77 
4.14583 4.74522 4.57645 -0.240593 6.48355 5.57959 7.2224 0.300806 
7.64386 9.07732 -0.20336 1.36224 4.14064 2.43924 5.46789 4.12844 
5.35284 3.72651 6.46402 7.67957 1.74219 3.45245 0.546785 5.82557 
5.59272 8.61771 0.156758 5.91835 5.83076 4.49802 8.29849 7.4458 
3.4903 4.50046 0.225425 3.22387 9.38586 3.39477 4.99211 1.00029 
0.551668 4.24105 5.92415 8.28018 7.01885 4.31582 4.08632 8.18465 
5.48102 0.360012 3.79273 9.16216 1.41961 8.45169 4.23617 6.35354 
6.25069 8.82188 6.29037 7.43695 1.04942 0.923994 8.55118 0.749733 
3.42315 9.07244 1.67811 8.51639 9.08861 3.95235 5.10228 2.97911 
4 16
7.43359 3.50037 8.2759 1.30456 
6.30105 5.61988 0.0679495 8.52921 
5.67206 7.83094 2.09102 7.60297 
-0.317499 2.12459 0.175069 0.62949 
8.23623 5.14287 0.337428 6.73167 
7.44977 3.09142 5.29211 8.76756 
0.741798 4.72141 6.76005 2.65195 
2.13253 7.68659 7.64508 7.08232 
8.30795 8.5933 3.1317 6.48965 
1.01891 2.05531 4.77482 5.02355 
6.37613 9.06389 6.63736 4.38601 
2.59854 -0.0141453 7.54346 3.32488 
2.78349 2.50729 8.50571 1.59967 
4.25906 -0.176199 9.39196 6.2333 
1.07994 9.4057 3.89222 2.85917 
1.23132 7.63471 6.84916 -0.0171972 
4 16
2.03761 8.79228 8.21242 4.68632 
4.70676 0.376186 9.00224 2.74076 
8.12056 0.859905 5.00615 3.47504 
6.3392 4.96098 6.37399 8.53623 
3.13598 0.211692 8.94914 0.065508 
8.06807 4.99944 1.40466 5.5448 
3.18877 4.66831 8.18007 5.23565 
1.97444 1.00548 2.27841 0.0355998 
7.01122 5.4154 6.9926 2.55216 
8.02229 1.09764 0.617283 9.21252 
6.78355 4.54379 3.21502 6.22292 
0.501312 1.66132 9.49084 7.18761 
0.205283 8.83866 6.84642 5.19811 
5.72608 4.26455 2.67179 7.21142 
3.81532 -0.184133 -0.0632801 3.52203 
0.976791 8.82096 5.14623 0.147298 
4 16
5.98824 1.35797 0.388089 9.16338 
6.38925 5.6153 5.5509 6.92027 
2.22897 4.2203 0.990219 7.95241 
3.74268 5.86769 7.42383 4.70066 
4.82334 0.231223 6.77195 3.57697 
4.71683 9.12828 -0.0825068 7.93379 
0.362758 5.74714 0.26693 3.6316 
0.94261 7.25842 7.17357 5.01714 
1.19347 1.11321 8.2875 4.12416 
5.05986 0.34872 4.89537 0.907514 
6.23421 8.20693 9.30743 7.32891 
7.15954 7.38354 8.36013 3.09752 
3.04747 4.22152 2.09438 5.88783 
2.48105 3.15246 1.67261 3.84034 
1.16021 1.70985 5.59394 3.161 
0.356349 1.41717 8.2756 8.629 
4 16
3.81593 7.6048 5.58417 2.39132 
8.37967 0.243126 2.9962 1.22277 
7.52973 9.31811 5.82496 3.6908 
3.92518 8.75138 1.60639 4.28011 
7.82942 1.6073 4.58805 4.92222 
4.42752 4.38388 4.11196 6.09108 
1.79499 9.36389 8.80204 0.495514 
1.06835 0.350856 0.610874 7.18273 
5.3861 2.09377 7.79829 8.86186 
9.16338 8.71567 0.890118 0.265709 
4.25936 1.45837 0.69541 0.360317 
4.60422 1.05889 2.43222 6.21102 
5.84114 5.06261 5.03087 1.3247 
1.55573 5.39404 -0.325129 6.27664 
2.64615 6.49362 6.64408 4.4321 
1.40161 9.33032 4.51785 0.583712 
4 16
0.0517747 3.93831 4.58194 2.02754 
7.70917 3.16588 4.61917 5.80543 
3.55316 7.55933 5.29119 3.34686 
8.91771 7.51752 7.20287 2.43008 
6.68497 0.746071 3.17809 1.75684 
4.23128 -0.327265 7.2691 0.172628 
7.01671 6.92515 -0.43408 8.48465 
4.38296 4.18947 0.872723 1.68848 
4.11989 4.76261 6.30593 4.42111 
7.3637 5.1035 1.88258 7.44275 
0.390225 5.70533 3.16039 7.97346 
4.86637 6.59372 -0.0113987 1.68451 
3.11736 7.76807 6.43686 9.16613 
-0.0187231 -0.10448 -0.0397809 4.67624 
7.80439 5.57288 8.86888 -0.00804163 
6.14327 6.46585 2.1545 1.16784 
4 16
9.22808 6.76524 8.16237 5.72791 
1.40893 3.28979 3.70087 0.823893 
-0.169485 0.350246 5.17034 -0.423399 
0.750954 6.07277 2.49448 4.30728 
5.92201 4.05397 3.32397 1.73762 
1.15929 3.90138 2.66996 0.334986 
5.55884 -0.163381 8.34091 0.254112 
2.91746 2.68064 6.23971 3.69141 
1.92622 5.52649 4.59171 8.45871 
6.6923 8.41964 1.1541 2.59458 
4.15835 2.35348 2.48349 2.82408 
-0.0226905 7.89412 9.31079 4.67441 
9.40783 8.74406 7.09362 7.06706 
4.78947 5.56311 5.81031 9.19573 
6.16585 0.354518 8.04976 2.49692 
6.61264 6.73045 9.46704 5.53778 
4 16
5.87471 2.49142 7.10674 1.148 
6.51071 -0.478637 3.52264 6.43503 
5.89393 9.09777 1.24352 5.03667 
1.45685 8.32351 5.7624 5.0681 
0.0713065 7.93715 5.80634 2.52103 
2.243 5.97572 3.59619 6.73411 
6.95262 -0.494507 0.907208 8.46084 
8.70347 -0.269585 4.99333 8.34701 
3.33648 0.790933 3.43658 8.63053 
4.18032 7.5697 1.98604 5.87837 
5.09465 2.80973 4.44613 7.56909 
1.96864 8.86674 8.67905 0.336207 
9.24334 4.39669 7.78242 2.68461 
3.01054 1.30273 0.50528 -0.00926237 
7.26238 2.24483 -0.0327616 4.603 
4.84135 4.03017 4.73606 8.84996 
4 16
4.52396 7.52393 2.19662 5.9452 
0.0447554 0.766518 7.36584 2.79447 
1.27374 5.20727 9.29247 2.38278 
3.06639 8.1758 5.28814 -0.131947 
3.66425 8.80143 1.4068 1.76264 
4.51358 4.80198 3.32885 -0.473754 
0.729591 7.33776 3.04686 5.76087 
3.77168 9.24548 5.41479 0.81138 
2.88145 6.963 3.62244 2.59275 
6.85954 1.45959 7.65973 7.44946 
2.73038 8.47977 4.82975 4.86454 
2.87138 3.41705 6.37551 3.82722 
7.15526 1.13244 9.28423 3.67463 
1.67627 6.0212 7.32739 7.21844 
0.624302 2.64982 0.403348 8.96654 
2.86009 2.27139 6.24337 6.25985 
4 16
-0.29339 8.26797 4.21297 7.77509 
9.04375 5.93178 8.51151 0.0587939 
5.50146 0.085345 5.09771 4.27157 
7.6109 -0.464293 9.3526 3.86445 
1.23223 3.05358 0.906598 7.11925 
5.00218 9.28668 5.14959 8.86827 
6.42129 4.73881 0.540681 4.81053 
0.153706 5.13097 5.78498 6.24154 
5.09313 0.448515 5.93025 8.00215 
1.7602 8.99675 1.45624 7.46472 
6.59708 0.76957 9.41516 7.36645 
4.71714 5.45233 0.681066 0.302942 
7.67499 5.35772 2.38064 7.69391 
7.81843 8.62442 -0.442625 1.03417 
5.78376 2.97575 5.13952 8.24355 
2.70048 5.36047 2.26986 2.92418 
4 16
5.95405 1.12999 3.93739 4.29385 
0.537629 3.92335 0.240684 8.38455 
8.10866 5.1386 4.44095 3.35907 
7.12139 6.31051 6.23727 2.21249 
7.30663 7.10002 5.08672 6.24703 
0.739967 8.33572 2.33883 4.9152 
3.55835 3.11583 9.1704 8.26583 
-0.119129 1.29418 4.38571 -0.207022 
4.50229 7.65394 1.14068 2.51431 
5.91438 9.08617 6.6569 6.07979 
6.22567 1.08605 3.98347 7.73115 
-0.463683 8.87803 -0.122791 4.91978 
5.33361 3.47839 7.85322 2.39804 
8.46725 8.01894 0.476592 1.59479 
2.27139 4.62894 -0.0440535 5.09038 
6.39383 7.20348 1.09703 3.99965 
4 16
7.79768 2.51675 2.15053 3.15764 
1.55847 3.64716 5.83534 7.92738 
8.62626 1.77271 3.10332 2.3016 
3.62915 2.40506 4.22304 0.0691702 
6.41824 7.34661 4.72874 6.80186 
8.75871 0.855327 8.17855 7.82453 
1.67231 3.87483 4.71683 8.78343 
4.98448 1.64118 9.49817 6.62271 
5.64032 4.9854 0.035905 3.78602 
6.35293 0.634678 6.54276 3.45123 
1.14739 0.83549 4.31643 8.61527 
9.36114 7.60083 2.24483 2.83415 
4.66251 1.90089 6.48263 5.44348 
0.65421 3.11034 3.36639 9.05657 
-0.381283 9.01567 0.634678 2.16335 
5.97145 1.70649 1.00609 4.64176 
4 16
-0.232047 8.83439 -0.365719 2.02327 
9.13744 4.00972 8.5762 8.84416 
6.58518 1.39428 6.86625 3.7555 
9.16582 1.72633 1.59174 2.5903 
3.09813 0.199484 0.613315 6.44021 
6.08895 5.75233 5.94948 7.7519 
0.294092 8.42178 2.9611 9.01933 
7.49554 0.0780206 9.40295 1.88624 
3.03832 8.84904 3.39691 9.47314 
0.107013 2.5488 4.39517 -0.264397 
0.89378 1.42358 6.19546 2.67423 
6.22201 5.52649 6.06575 9.20244 
0.19277 7.03166 9.05046 4.48672 
1.41107 2.80546 1.50812 3.57514 
7.3573 7.54193 2.95714 2.11879 
3.46405 2.77616 0.277917 0.00691244 
4 16
6.39749 6.48904 7.16961 8.54691 
0.305078 3.91755 1.74433 1.29022 
1.51727 5.4096 1.51056 0.376797 
5.76209 8.18068 6.62424 4.93229 
1.87831 2.06508 3.52264 2.81858 
-0.237846 1.93233 8.93327 4.85356 
8.95585 8.16329 -0.315363 1.62928 
9.44568 0.511078 2.38186 0.740272 
1.22765 5.65131 2.00435 7.23217 
4.2084 3.73414 3.49579 5.08885 
4.99577 4.25692 5.40106 2.56497 
2.15053 6.56168 -0.379452 9.18017 
6.45608 5.27654 6.33737 7.18365 
7.7693 6.01051 8.18282 5.30737 
5.01775 1.61371 2.70383 7.61274 
0.903241 4.31857 7.19463 5.25182 
4 16
2.21645 1.88655 5.53748 0.383816 
2.09346 2.27627 8.62168 5.42273 
2.95378 5.22466 2.81797 4.82212 
5.44958 5.67389 7.60205 2.25155 
7.28985 9.35015 4.23708 3.59284 
6.8101 8.30215 0.410672 9.28576 
7.18792 4.50504 0.668859 9.27081 
2.86528 6.84642 6.71641 8.34121 
4.73972 1.79804 6.64042 4.71928 
5.68793 3.09752 7.12535 -0.333064 
2.98491 0.741493 7.71497 0.943525 
9.17864 4.61277 1.19103 7.92433 
7.98323 3.04198 9.12554 1.19073 
6.75913 1.63172 6.67154 4.40921 
2.13161 2.63822 5.6568 1.30151 
0.320643 0.239769 0.0365154 5.53259 
4 16
1.75623 1.43365 5.51978 5.1917 
1.53345 7.99269 2.48868 1.39734 
0.425321 2.24575 6.56961 -0.2528 
0.259301 8.11263 2.80576 -0.296136 
3.86354 8.46023 3.53851 6.41946 
4.26333 3.7674 3.66364 1.20476 
4.52182 8.85423 1.69489 4.59903 
-0.213736 2.9904 0.686865 -0.155446 
8.1053 3.6963 8.08577 -0.40936 
1.57678 -0.455443 8.56522 3.62702 
4.39242 2.2842 8.91832 0.466521 
9.33642 3.58551 9.0584 0.590732 
9.3056 6.73472 8.19564 4.16445 
5.41235 8.57529 0.255943 1.03691 
8.23043 2.02113 7.59656 5.84175 
3.74696 4.44644 7.08568 6.00502 
4 16
-0.451476 1.5365 7.89717 0.625828 
5.65619 -0.0272683 6.62729 9.37091 
3.46405 7.87947 8.5466 7.80897 
2.22286 9.40326 0.517487 2.44626 
6.13076 5.80177 2.2076 8.95494 
9.15361 7.23492 1.97291 0.767129 
0.4888 2.61625 8.54416 0.270287 
2.23995 2.84941 2.57566 0.407315 
5.85609 7.75159 7.12139 -0.497253 
8.90703 1.98238 1.09642 7.12444 
8.74955 0.290429 4.79252 3.78968 
4.65549 7.3869 1.50293 2.33578 
4.95427 2.75999 4.32894 3.76038 
0.760109 5.74714 2.21706 5.34704 
2.84483 1.16875 4.30453 3.88917 
3.21349 0.84434 6.62271 1.82551 
