16 16
-2.44432 -2.29814 0.246803 -3.16974 -0.0812708 0.656362 -2.12601 -5.38783 -5.82943 -3.66292 -8.16929 0.820246 -1.90963 -3.38215 -4.13535 -8.9002 
-0.931516 -8.66735 -0.546373 -4.91876 -0.965697 -2.75072 -0.365703 -5.36464 -1.57729 -0.0876797 -5.77938 -2.02286 -7.3758 -1.95328 -2.65673 -3.20911 
-0.647694 -4.79089 -6.74804 -1.42409 0.363994 -1.63283 -0.68096 -8.6118 -4.02274 -1.89407 -5.82516 -6.8225 -4.18418 0.139378 -8.07682 -7.10236 
-5.77694 -7.1811 -1.63527 -4.4149 -6.21854 0.325541 0.168981 -1.41371 -4.62456 -3.76669 -7.06269 -8.87182 -1.76803 -2.86883 -0.913511 -5.58467 
-1.61574 0.990844 -8.50682 -5.56148 -1.01422 -0.0327464 -6.15751 -5.3094 0.919736 -7.67672 -6.3928 0.970092 -2.86059 -6.84021 -1.39387 -4.54033 
-0.824396 -1.35755 -6.9284 -7.72524 -0.751762 -6.58751 -5.8337 -8.3405 -3.57564 -4.12925 -5.11133 -4.974 0.253822 -8.98413 -5.70064 -1.98257 
0.323099 -4.4677 -8.98749 -6.20939 -4.83422 -5.19068 0.885556 -6.30338 -1.03406 -3.41542 -5.15802 -2.44584 -0.509751 0.891964 -2.22398 0.697256 
-4.30961 -8.99207 -5.5392 -0.00802637 -1.59041 -4.91754 -6.58843 -3.99802 -7.36818 -6.86126 -5.36738 -6.50481 -5.28712 -0.867428 -7.8113 -2.52214 
-6.97266 -7.24274 -2.45958 -3.05744 -4.52538 0.684744 -5.42384 -6.47887 -7.72829 -8.07773 -7.71883 -2.77575 -2.51512 -3.01502 -4.01694 -3.54054 
-2.27891 -4.44237 -6.89392 -5.48457 -8.5703 -7.65535 -5.62313 -0.30314 -2.75286 -4.21134 -3.58541 -8.70061 -5.18061 -0.650746 -3.35163 -1.38624 
-3.45601 0.0267647 -3.50606 -4.85833 -6.33116 -6.17978 -6.26951 -4.78356 -4.81927 -7.19361 0.0142521 -4.78753 -7.07245 -6.47307 -5.53462 -3.46669 
-8.59319 -8.62889 -0.73101 -7.43867 -4.34043 0.64568 -1.77871 -3.23536 -4.29252 -4.99078 -5.83248 -5.86087 0.971618 -2.02744 -3.74044 -6.81884 
-6.89361 -1.86111 -7.0224 0.573046 0.693899 -1.11737 -8.14823 -4.22813 -5.77664 -2.85479 -8.18271 -2.31156 -5.18976 -8.95788 -0.851863 0.642628 
-4.92364 0.966124 -7.10266 -8.21628 -4.36241 -6.13034 0.792474 -2.83557 -4.36302 -4.57299 -8.48759 -1.34718 0.754631 -0.254311 -5.70827 -1.12714 
-2.86364 -8.67071 -8.21537 -3.64095 -5.31855 -1.02582 -2.86853 -1.88491 -1.88186 -3.71664 -8.84436 -8.24131 -0.687979 -1.50618 0.644154 -5.5511 
-0.756035 0.295938 -6.37205 0.773858 -6.91009 -5.66128 -7.37519 -3.20789 -3.15174 -4.89373 -8.24284 -7.58425 -1.05847 -2.14982 -1.29865 -0.68096 
16 16
0.952086 -4.36454 -7.55281 -8.88983 -2.22947 -4.99628 -8.81903 -4.53209 -0.200598 -6.71905 -5.74703 -0.448103 -3.38765 -1.24647 0.784845 -0.939756 
-3.06934 -7.18812 -1.05908 -2.51909 -8.66002 -4.45213 -2.10221 -6.05832 -2.50749 -6.09555 -7.86807 -5.91244 -3.77889 -2.92315 -6.02414 -3.8262 
-7.9874 -1.15522 -4.63433 -0.439253 -3.7261 -8.47356 -5.26759 -2.202 -3.17341 -8.7586 -0.0361034 -6.51274 -7.92788 -0.832026 -6.62169 -2.8905 
-6.7401 -1.5135 -0.349834 -2.99792 -6.70013 -8.30876 -7.38343 -7.31935 -4.44389 -2.03507 -8.08383 -1.31605 -8.94385 -4.70727 -4.61785 -8.86541 
-2.44188 -2.98267 -1.86019 -5.79495 -1.09113 -2.4904 -5.66341 -1.33192 -1.86447 -3.3498 -7.54915 -0.269875 -7.29951 -2.19315 0.108249 -3.67483 
-4.63311 -1.00415 -0.650746 -0.935789 -0.897641 -8.08719 -1.71523 -0.978515 -0.532334 -1.47505 0.0722373 -5.44917 -7.081 -0.0940886 -4.84338 -1.6841 
-5.52944 -2.99335 -2.28928 -8.27915 -6.85607 -1.95175 -7.79177 -1.06427 -1.34474 -7.78079 -8.92279 -2.30851 -2.2371 -5.62557 -0.640065 -0.950743 
-6.27287 0.412519 -2.67626 -6.687 -2.69091 -1.97342 -3.03974 -5.71072 -7.25037 -7.48415 -6.69341 -0.931211 -2.83099 -7.66146 -3.47066 -4.47319 
-3.18012 -5.89718 -4.29344 -5.27644 -1.36488 -8.32524 0.249245 0.394818 0.502243 -0.900693 -0.106296 -7.27937 -1.28828 -7.98679 -0.792657 -1.44026 
-3.99496 -2.75469 -2.4547 -4.6679 -1.33009 -4.71612 0.388714 0.747612 -3.88723 -4.69353 -6.98639 -4.4442 -8.64843 -2.54717 -7.58303 -8.48454 
-4.13627 -7.96603 -1.55654 -8.23551 -2.77514 0.360027 0.0487381 -4.22294 -7.01904 -3.12305 -2.36283 -3.89578 -0.812799 -2.69762 -2.58806 -0.926939 
-2.94879 -7.55892 -1.32643 -3.35743 -3.87838 -7.62667 0.00326548 -8.40336 -2.54472 0.702445 -4.72497 -6.73309 -4.79821 -6.45384 -4.57421 -4.03281 
0.0469069 -7.0343 -3.07514 -2.66619 -7.05536 -0.488998 -7.1167 -1.24708 -7.417 -6.42271 -2.2667 -4.93371 -4.98315 0.259316 -8.57762 -4.25681 
-1.09571 -2.61553 -5.94449 -5.29749 -5.21113 -8.57793 -3.07544 0.975585 -8.13816 0.947813 0.859615 -2.60454 0.640187 -7.64498 -2.15287 -0.495712 
-4.99872 -2.49895 -3.15815 -8.14121 -7.9877 -2.02683 -0.282083 -6.07175 -7.01202 -4.33708 -1.70486 -7.23176 -5.78396 -5.66189 -1.6249 -5.33839 
0.790338 -8.10306 -8.27335 -7.09168 -8.01639 -2.00607 -8.03989 -6.04123 -8.3936 -3.27625 -4.77624 -0.92877 -8.22422 -0.947691 -8.33866 -6.31376 
16 16
-7.16614 -1.97037 -8.79614 -3.15204 -4.93799 -1.9664 -7.87722 -1.69021 -3.01257 -3.56862 -4.90686 -7.14295 -0.877499 -5.76229 -5.59169 0.593799 
-2.79437 -8.91028 -4.39354 -3.43953 -3.85122 -2.85144 -1.48817 -4.63768 -5.09485 -7.75118 -1.46345 -8.98871 -4.30869 -8.01791 -2.81726 -0.828059 
-3.9971 -4.60015 -2.31889 -6.00583 -3.14045 -5.97317 -3.29609 -3.2729 -4.2794 -3.1316 -1.91147 -1.70425 -2.49742 -8.89624 -0.489303 -6.97082 
-7.85861 -6.85089 -1.95358 -4.26902 -7.86319 -0.221046 -4.44481 -0.725517 -1.48787 -6.00674 -0.173132 -5.08539 -1.37068 -4.67858 -7.57418 -7.49788 
-5.70064 -0.757561 -0.823786 -7.21406 -6.37754 -4.58275 -5.78579 -1.00537 -5.00604 -0.5833 -6.44072 -0.118503 -3.28144 -2.37046 -0.869564 -8.57671 
0.665822 0.0487381 -0.849727 -0.641591 -6.59331 0.608142 -4.12711 -0.250038 -6.73217 -0.228675 -3.42518 -0.231727 -3.25733 -0.948607 -1.25654 -4.12803 
-7.30805 -7.84823 -4.59679 -8.41954 -2.22031 -7.58242 -8.48424 -7.97671 -8.42778 -8.72015 -2.60759 -2.54442 -5.25294 -2.6137 0.0527055 -7.07764 
-1.15918 -8.89868 -1.52358 -3.73159 0.980773 -5.93289 -6.32871 -8.33073 -7.96847 -1.49397 -0.488998 0.882504 -8.39848 -4.03769 -4.73656 -0.603748 
-1.66335 0.161657 -4.23545 -0.32786 -1.05206 -6.322 0.160131 -1.3368 -5.592 -6.8988 -4.83911 -8.20347 -3.24879 -7.61629 -6.25059 0.609973 
-5.08417 -0.940062 -4.73016 -3.77554 -6.93085 -6.9751 -2.155 -4.14908 -0.150243 -7.44172 -0.947691 -5.49525 -8.03623 -2.71715 -4.19822 -0.873226 
0.576403 -7.25922 -0.650746 -2.70739 -6.0687 -3.7148 -3.61653 -2.29966 -5.35823 -1.04016 -7.87387 -5.37867 -4.91784 -6.93176 -3.61989 -6.49382 
-0.672109 0.112522 -1.53517 -0.0730308 -4.92944 -1.21229 -8.02493 -0.950133 -6.04428 -2.2728 -4.69597 -2.17972 -6.22648 -7.3224 -1.13813 -2.94635 
0.942015 -7.20185 -5.06586 -4.38835 -3.27808 -4.23576 -8.888 -6.14133 -4.39933 -3.62752 -6.76269 -1.41646 -0.720939 -1.67525 -1.20771 -3.42946 
-5.29872 -6.11417 -3.31898 -0.985534 -0.429792 -8.90112 -5.66952 -6.04154 -6.22861 -6.75231 -1.94137 -1.0481 0.163488 0.250771 -2.36528 -8.89593 
-6.84845 -3.32173 0.983825 -3.26374 -1.5013 -3.92203 -0.0409864 -2.19956 -7.19971 -3.70565 -6.86981 -2.7257 -3.93301 -4.52568 -3.47951 0.698782 
-4.15122 -6.55638 -1.77322 -3.93789 -3.65926 -1.85989 -2.1315 -0.792047 0.905698 -8.20652 -3.20392 -3.04126 -8.54711 -3.45814 -0.00100711 -4.85681 
16 16
-2.37168 -0.373943 -6.77642 -3.87564 -6.0571 -6.88324 -3.87106 -4.77776 -0.63976 0.276711 -0.213111 -7.27631 -0.230811 -4.71215 -8.90265 -5.41682 
-7.65719 -3.47066 0.232154 -0.634571 -0.845454 -0.5244 0.683828 -8.16074 -4.85009 -3.47066 -1.48024 -1.02734 -1.08594 -1.52358 -3.22864 0.516587 
-0.33488 -2.75439 -4.10575 -8.63317 -1.08106 -5.32984 -3.7557 -2.10587 0.259621 -3.07147 -6.49901 -4.58275 -4.35051 -0.643117 -7.02332 -0.971191 
-8.2758 -8.67711 -6.24662 -5.06311 -5.498 -4.15824 -1.42347 -5.47176 -4.05112 -6.37114 0.451582 -1.66762 0.840999 -3.72823 -8.12442 -7.92666 
-2.64971 -1.78817 -2.35368 -7.99716 -0.194189 -7.77895 -2.82458 -8.30692 -2.94635 -1.93619 -2.74004 -2.51238 -5.13514 -0.972411 -8.76501 -5.21326 
-4.17899 -3.9852 -4.54827 -7.63521 -4.88061 -6.12149 -0.982788 -3.10169 -4.2678 -0.306497 -2.26579 -5.10034 -8.64019 -2.35368 -1.82266 -5.76138 
0.613941 0.237342 -7.1579 -7.55708 0.86877 0.474471 -7.69198 -6.03879 -4.78143 -5.24531 -4.65111 -6.41935 0.976806 -8.88617 -7.0697 -1.81686 
-6.84448 -7.464 -2.9668 -5.97043 -8.63408 0.009064 0.235511 -8.241 -6.43034 -4.98712 -3.00311 -3.71084 -4.87329 -3.86801 -7.4225 -6.19352 
-3.42793 -0.528672 0.532762 -6.96289 -1.43965 -2.42814 -5.28346 -7.02301 -2.58196 -3.48958 -3.26038 -5.72018 -0.265297 -4.13291 -5.1919 -3.51949 
-0.561632 -8.74517 -5.10828 -1.75063 -4.21226 -5.90664 0.149144 -7.14112 -4.28123 -1.6838 -0.444441 -3.94675 -1.01483 -1.30018 -8.33378 -1.49092 
-0.470992 0.501938 -5.545 0.0716269 -8.47935 -4.90655 -2.83831 -2.043 -6.49748 -8.72259 -4.90838 -3.89364 -0.924192 -3.02356 -6.69829 -2.11991 
-2.43242 0.978332 0.10947 -0.720634 -6.8811 -0.568651 -3.63729 -5.11805 -4.37584 -3.23139 -8.58708 -6.31834 -8.035 -4.24277 -8.28007 -2.9848 
0.976806 -3.64644 -6.96533 -4.22965 0.577929 -1.94382 -7.90805 -0.945555 0.511704 -4.55956 -1.24738 -8.4818 -0.875362 -8.43236 -5.4684 -8.48027 
-2.37168 -1.05084 -1.54524 -2.68755 0.280679 -7.24274 -3.83077 -6.54845 -6.08182 -4.02731 -6.73949 -5.39851 -4.71429 -8.85107 -1.29652 -1.06763 
-0.405988 -1.51106 -0.61504 -1.70486 -1.25349 -5.086 -8.35575 -2.63903 -7.32942 -6.17887 0.756767 -1.08777 -7.80734 0.205908 -5.69393 -2.52458 
-3.10596 0.848933 0.384747 -1.52083 -3.61806 -5.75466 -3.45173 -4.87268 -1.57942 -0.0306101 0.476913 0.177831 -7.64803 -7.84182 -1.73232 -5.19526 
16 16
-8.77081 -2.44005 -2.35795 -5.09485 -8.60662 -0.321451 -1.17383 -7.37886 -7.21955 -3.1084 -1.87942 -3.23994 -0.175268 0.796442 -8.95727 -5.15314 
-7.2812 -2.49345 -5.83279 -2.59294 -5.86117 -8.76348 -6.87286 -2.28745 -1.24219 -0.494491 -4.24705 -3.8854 -1.00751 -0.352275 -8.71557 -3.84268 
-4.58336 -8.67681 -8.40367 -5.34602 -4.71917 -5.29048 -4.62914 -7.08344 -2.4254 -0.935484 -8.84191 -8.67559 -1.93161 -8.6527 0.261452 -5.57888 
-7.22443 -0.411176 -4.61846 -1.27424 -6.73247 0.690237 -4.03433 0.445479 -7.7167 -2.65215 -3.81429 -4.71917 -6.93085 -6.21671 -3.50301 -2.49498 
0.886166 -5.02924 -5.29383 0.510788 0.121982 -0.951353 -2.51176 -3.99344 -4.55071 -2.39976 -1.71035 -5.94327 0.461043 -6.5045 -7.44142 -8.85473 
-7.77651 0.978027 -3.76638 -1.54433 -4.81042 -2.31736 -1.56722 -2.44615 -7.10236 -6.71935 -5.71987 -4.33952 0.907834 -5.57277 -1.19398 -2.29966 
-0.597644 0.707633 -2.14219 -2.68358 -1.10791 -8.73296 -3.0379 -5.9628 -2.53343 -3.18653 -5.9274 -1.21686 -6.9754 -3.32752 -2.85846 -5.10065 
-1.07831 -4.40269 -7.54701 -3.09284 -3.52589 0.00509659 -5.34297 -5.84744 -7.24427 -1.66305 -5.56148 -8.45158 -2.87524 -4.77074 -5.23859 -5.40767 
-5.08142 -5.82485 -8.37559 0.850764 -8.24497 -1.6249 0.265725 -4.90777 -3.12366 -5.54469 -7.24671 0.265725 -1.02948 -1.25318 -2.0958 -8.49889 
-7.08405 0.808039 -0.542405 -4.67217 0.879147 -6.11539 -6.5457 -8.70611 -3.79873 -3.01318 0.750053 -1.82357 -6.47612 -1.72317 -4.39842 -8.03226 
-6.42546 -5.54653 -3.7322 -2.17087 -3.93728 -4.18174 -1.4424 -6.80786 -0.884823 -8.28526 -1.73507 -5.79403 -1.30384 -3.97604 -6.57225 -7.29402 
-3.55916 -2.59172 -7.64803 -4.09751 -0.651357 -6.01224 -1.6719 -4.0325 -0.235084 -2.86242 -3.00891 -8.28648 -0.902524 -5.90512 -2.74859 -0.449324 
-6.30155 -5.94052 -8.26359 -4.09415 -3.64736 -2.51817 -2.314 -1.70394 -8.19218 -6.78161 -5.77297 -2.75805 -0.212806 -6.7517 -3.01807 -3.79263 
-6.08274 -0.366008 -4.07096 -8.24589 0.0154729 -6.58293 -2.53069 -8.89959 -7.83541 0.135105 -3.3733 -0.732841 0.0243233 -8.35453 0.32371 -6.99738 
-4.19517 -1.05206 -2.33323 -6.3281 -5.64876 -4.31297 -1.81533 -3.70046 -5.23371 -2.96985 -6.051 -3.05072 -2.98358 -6.39952 -3.47737 -4.36546 
-8.04569 -4.84185 -5.33168 -3.05774 -1.80068 -6.2869 -6.24387 -4.44237 -5.69362 0.76165 -7.19147 -1.11829 -0.329081 -1.67067 0.118931 -6.07755 
16 16
-1.02765 -8.80682 -4.72375 -0.963866 -0.00985748 -5.34846 0.425642 -8.15922 -7.65566 -1.30018 -5.30573 0.556566 -0.651357 -4.90808 -7.26228 -3.53505 
-3.59243 -5.14612 -5.245 -5.85842 -0.716056 -2.76232 -1.62398 -0.461531 -1.40791 -0.0168767 -3.37544 -0.152379 -1.03589 -4.42222 -2.10556 -2.67412 
-3.68337 -6.80236 -1.12928 -5.72323 -8.33378 -8.97864 -3.65987 -8.63195 -5.08112 -1.39814 -1.1717 -3.52223 -2.91644 -6.01651 -6.00766 -3.74319 
-5.66494 -4.74511 -7.2812 -2.40861 -7.6227 -8.77966 -4.14451 -8.84252 -5.47084 0.881893 -5.48366 -5.74886 -8.01578 -3.58449 -0.098056 -4.91632 
-0.326945 -0.666005 -6.43553 -4.26963 -3.83077 -5.48366 -5.93655 -4.08133 -8.92431 -8.1995 0.943846 -5.15833 -1.66945 -0.180761 -8.02585 -6.80938 
-1.13569 -8.23063 -5.41102 -7.41517 -8.94507 -2.19407 -2.53801 -5.40431 -7.58852 -6.26188 -6.84326 -3.45448 0.923093 0.729606 -2.20933 -3.72884 
-0.482589 -4.32579 -1.35725 -6.9574 -7.93918 -3.04981 -4.34654 -3.18195 -5.66219 -4.77319 -2.25297 -6.97143 -1.55104 -5.97836 -0.0864589 -4.92364 
-5.93533 -0.311991 -8.00662 -8.26359 -5.0268 -4.47411 -4.9032 -8.3527 -5.64449 -0.298257 -3.40352 -7.92087 -2.76751 -8.33927 -0.365093 -5.83279 
-6.4868 -3.27229 -1.92245 -8.20316 0.0911588 -6.42576 -7.14447 -3.67025 -4.58489 -5.75039 0.632252 -5.64388 -5.0155 -8.54802 0.727775 0.66216 
-8.80621 -7.26197 -8.75188 -6.40135 -4.02518 -3.64858 0.349651 -4.95538 -0.333964 -1.63985 -6.42729 -7.86074 -5.44704 -4.21043 -6.8048 -7.01202 
-3.48805 -4.55895 0.528489 -6.48558 -6.80358 -6.92199 -2.8966 -2.34544 -7.79391 -7.32514 -4.31907 -1.92001 -2.32804 0.408856 -2.97839 -0.368145 
-1.30323 -6.91437 -6.64306 -7.33888 -1.90963 -4.31022 -5.50288 -1.54341 -5.16626 -2.26182 -2.48857 -6.05008 -1.28767 -6.86706 -4.0792 -2.11228 
0.551988 -6.80145 -0.657155 -4.34654 -3.49812 -2.41227 -0.482894 -5.06952 -0.203955 -7.25373 -6.33787 -0.607105 -1.56813 -7.37275 -8.91211 -7.39106 
-7.79513 -8.66643 -5.98935 -0.648915 -2.46171 -7.61354 -1.4958 -3.50972 -6.46117 -5.70186 -3.47523 0.672842 -2.27464 -2.85449 -5.05213 -5.04266 
-5.14124 -0.177404 -7.44508 -8.38993 -2.68084 -7.33308 0.905087 -6.76696 0.457991 -4.85498 0.0328684 -0.57506 -8.62645 -6.71874 -5.09333 -8.8468 
-5.46077 -3.47707 -6.41295 0.0331736 -7.2754 -1.27607 -6.97815 -5.3097 -3.35255 -7.05963 -6.5869 -8.5938 -8.2053 -5.28101 -2.89996 -8.77416 
16 16
-4.85253 -2.68236 -8.23765 -1.42378 -6.34825 -1.00995 -5.06372 -4.75579 -7.20673 0.981994 0.145177 -2.2374 -4.29344 -3.86892 -2.84686 -2.9903 
-5.75771 0.42259 -1.60994 -0.461531 -7.78597 -2.99823 -4.33525 -8.81231 -6.68944 -3.81674 -1.11127 -5.34053 -2.88318 -8.85778 -2.25022 -1.75155 
-8.32554 -6.0217 -7.72707 -2.09061 -3.97391 -8.16349 -6.79565 -0.143529 -8.82513 -2.22306 -1.84158 -4.12833 -7.0987 -3.9263 -5.5389 -1.47932 
-5.12781 -3.36018 -5.36464 -1.54585 -4.51988 -1.74239 -4.54552 0.99115 -3.14899 -4.69445 -3.48775 -5.83798 -0.542405 -2.33018 -0.760613 -4.59099 
0.774773 -1.47383 -7.6932 -0.878109 -8.58373 -0.320536 -5.64357 -7.79604 -2.80993 -0.847591 -0.0110782 -0.146886 0.506821 0.70397 -0.0467849 -1.25715 
-0.41728 -0.028779 -8.52788 -0.205481 -1.125 -3.08002 -0.354411 -2.27189 -0.819208 -0.709952 -4.14267 -0.424909 0.844661 -3.27473 -5.85995 -0.653493 
-1.49062 0.27427 -8.57793 -8.96155 0.845271 -3.05103 -7.40114 -2.83251 -6.30277 -5.9686 -3.63332 -4.98315 0.0917692 -7.18812 -7.24366 -2.20872 
-4.47075 -3.55092 -1.69723 -7.14631 -7.98495 -8.36125 -0.212195 -5.75253 -0.747795 -1.22083 -7.50276 -8.3234 -3.55794 0.318522 -6.0748 -6.85607 
-6.87133 -8.02554 -1.13507 -6.57683 -7.47713 -3.48592 -3.17432 -4.43565 -4.25681 -5.22456 -2.29051 -2.38908 0.414045 -6.37358 -3.31227 -8.2822 
-7.94467 -4.45579 -5.78426 -2.13608 -8.29502 -0.498154 -7.88089 -0.663869 -1.79397 -2.14768 -8.30662 -7.81619 -1.39937 -1.10456 -5.24653 -4.17747 
-4.93066 -0.183813 -6.43217 -3.02387 -8.1522 -0.318705 0.618213 -5.84927 0.561754 -2.81787 -5.87857 -5.18 -2.58135 -7.18781 0.250465 -7.4872 
0.692068 0.163793 -2.01126 -4.00565 -8.06369 -3.96628 -2.43486 -2.28166 -0.630604 -5.97348 -1.60506 -6.24967 -3.14106 -8.65911 -2.52702 -7.65932 
-3.0437 -6.575 -5.84866 -6.66442 -8.59471 -3.80667 -7.75454 -4.38102 -2.42601 0.487899 -4.60411 -5.23341 -5.7626 -1.52693 -3.36537 -1.89651 
-4.84307 -3.34675 -1.91452 -0.648 -6.11173 -4.8034 -8.26206 0.0554521 -1.74239 -1.743 -2.76232 -0.0324412 -2.05673 -5.02313 -2.38267 -6.40532 
-6.39921 -4.13413 -1.07556 -4.92242 0.968566 -5.76778 -5.33564 -1.40028 -1.61086 -2.63445 -8.98749 -3.48927 -8.80956 -2.85113 -6.28019 -7.64589 
-8.64385 -5.20472 -7.34223 0.981384 -4.07248 -0.608936 -5.06128 -7.05383 -7.42647 -5.06525 -7.45515 -4.63646 -4.2327 -4.43779 -4.59069 -3.58235 
16 16
-2.50261 0.416486 -4.48112 -2.33934 -3.1966 -6.07389 0.139073 0.0505692 -4.2147 -6.18223 -5.92892 -4.9328 -2.61675 -2.18979 -0.454207 -5.13575 
-6.39189 -0.546068 -7.84518 -1.0716 -7.79299 -8.10978 -1.67098 -4.59465 -8.56847 -2.70586 -4.24125 -6.41935 -8.65026 -3.31501 -7.29371 -0.301309 
-4.85986 -0.198157 -2.85968 -6.69311 -1.19947 -0.281777 -8.3704 -3.67971 -7.28364 -8.10428 -5.05731 -8.01761 -6.48161 -7.64437 -3.72457 -4.0795 
-0.32786 -5.33961 -6.93878 -3.52498 -0.76397 0.390545 -1.71249 -3.50362 -6.7749 -7.19391 -1.73751 -6.20756 -6.98456 -1.62093 -3.23017 -7.58364 
-4.768 -4.11765 -3.45235 -8.01822 -7.44783 -2.2725 -5.97226 -2.80688 -6.1337 -6.76482 -1.7253 -5.22303 -7.7701 -1.47322 0.061861 0.00662252 
-5.95212 -7.27754 -7.97855 -0.00161748 -2.07474 -4.86047 -4.19272 -4.02182 -3.37605 -6.82922 -2.79498 -8.30143 0.562365 -4.46464 -4.87054 0.194311 
-3.70351 0.588916 -4.55223 -3.93423 -1.58248 -5.62282 -4.43687 -4.52141 -1.69509 -1.87271 0.696036 -8.93408 -1.82571 -0.143529 -2.19376 -6.08304 
-6.14682 -0.209143 -1.91482 -0.152989 -5.27247 -5.71987 -6.03787 -7.87051 -5.70888 -2.10282 -8.44121 -2.11655 -0.260414 -1.59407 -5.46901 0.295633 
-5.95639 -5.7098 0.234901 -6.12394 -1.05786 -0.471603 -5.84744 -5.07501 -7.7109 -4.70055 -6.47765 -5.59871 -1.80618 -6.68548 -3.90158 -4.61602 
-6.60826 0.451888 -5.0097 -7.69228 -1.71676 -0.608631 -4.48692 -5.83309 -3.92141 -5.0683 -5.01642 -1.13324 -1.51564 0.678945 -8.59227 0.920652 
-8.62889 -4.20737 -8.01028 -0.331217 -1.13935 -3.52101 -2.59783 0.216895 -0.735588 -8.08261 -7.24274 -5.7275 -8.68017 -0.690725 -8.78515 -6.92352 
-5.845 -2.26884 -8.83764 -0.394696 -0.580248 -4.50951 -7.09137 -7.75637 -0.975463 0.659108 -4.1735 -2.89203 -3.0788 -0.518601 -8.11985 -8.79278 
-1.63466 -7.66054 -3.51796 -6.36381 -4.90625 -8.035 -7.39686 -3.02356 -0.13773 -6.41539 -0.908322 -3.89242 -1.22938 -8.31455 -0.879635 -3.39802 
-5.17756 -6.90887 -0.285745 -0.0992767 -8.84802 -8.96796 -1.71432 -2.54839 -2.64513 -0.0989715 -2.87799 -8.99756 -2.63781 -4.62304 -8.24345 -8.76775 
-7.70205 -0.387677 -5.83187 -8.09116 -3.24909 -3.83963 -3.26344 -8.23582 -8.09696 -5.65914 -2.0961 -8.72961 -6.04855 -2.27403 -4.53362 -3.49538 
-8.73907 -3.56862 -1.5544 -2.70708 -1.31666 -2.09153 -6.53288 -8.18088 -7.51711 -4.08377 -3.40779 -5.1156 -5.69332 -7.63277 -3.4676 -7.99197 
16 16
-4.87146 -7.32514 -3.53047 -7.92209 0.394208 -3.33515 -0.740165 -2.93597 -7.54366 -1.8489 -4.40727 -5.73391 -3.47554 -3.91073 -0.155126 -8.18119 
-0.596728 -8.55138 -0.0348827 -1.68715 -6.98944 0.402448 -3.35286 -0.975463 -5.55843 -2.10862 -8.60936 -4.51439 -3.98947 -8.75311 -5.61489 -4.42039 
-6.28996 -1.44209 -1.8431 -3.64736 -2.46965 -8.52849 -2.08695 -3.27259 -7.9346 -2.88165 -5.4745 -7.69381 0.854732 -1.15979 -8.91302 -0.546983 
-7.1109 0.420454 -1.02246 0.836421 -5.2743 -6.50694 -5.61611 -0.36906 -3.35804 -7.17438 -8.79797 -5.44734 -3.72671 -0.840876 -8.73327 -7.07459 
-1.83273 -5.70553 -2.15897 -6.0397 -7.30653 -1.88553 -6.69585 -0.561632 -7.25282 -7.77712 -3.0199 -6.01804 -8.31913 -0.103854 -5.96524 -7.89401 
0.907224 -2.97198 -8.60906 -5.76901 0.60509 -6.2396 -8.41343 -1.15003 -8.03073 -8.51598 0.524827 -6.96472 -5.55812 -5.1037 0.0438551 -1.52663 
-3.64125 -6.19169 -8.74792 -4.78845 -7.54579 -5.61611 -0.437727 0.311502 -3.34248 -5.50227 -2.64269 -6.41264 -6.38029 -7.0932 -4.76128 -2.37199 
-2.59081 -3.08643 -2.22062 -5.72445 0.811396 -1.78603 -5.27155 -5.23493 -6.32688 -8.38231 -6.39586 -4.3032 -6.27317 -3.67238 -5.39058 -1.95907 
-1.66884 -5.53951 -6.1923 -8.64629 0.569384 -3.49232 -4.4976 0.399091 -1.8605 -1.58675 -0.252785 -3.64492 -1.52449 -0.0394604 -4.06333 -0.195105 
-1.46467 -0.843318 -1.59651 -2.31339 -7.30409 -7.70052 -5.03198 -8.60295 -2.80902 -5.58345 -5.62648 -1.76254 -5.47389 -0.240883 -6.45445 -6.6165 
-3.68184 -2.95123 0.613025 -5.42781 -2.01645 -0.848201 -5.37165 -3.30952 -6.27622 -8.12381 -2.07352 -1.54646 -4.76037 -8.41923 -7.9465 -1.63863 
-7.38649 -3.72579 -6.78771 -7.88241 0.798273 -0.0974456 -1.84646 -1.29499 0.146702 -5.49403 -3.54634 -2.70403 -5.57491 -0.0654012 0.121677 -7.80612 
-5.25874 -4.19059 -3.54024 -2.01096 -7.17042 -4.58123 -4.86871 -7.88668 -7.87112 -3.76699 -4.64074 -3.00952 0.0917692 -3.26862 -5.79739 -1.04138 
0.15891 -5.77908 -8.15769 -3.83993 -3.15693 -6.65618 -5.18152 -7.41578 -7.64772 -0.0495315 -6.84783 0.44731 -1.80313 0.0350047 -7.70663 -1.89712 
0.209571 -1.58431 -4.17136 -4.33586 0.427168 -3.15052 -0.110569 -4.4677 -5.7394 -3.73434 -4.80248 0.00997955 -3.60189 -7.18873 -2.31614 -6.80419 
-6.12638 -7.6108 -6.38304 -0.657155 -0.255226 -6.61681 0.186071 -5.13147 -4.19181 -7.74874 -2.53465 -3.79476 -2.19834 -8.32127 -7.29432 0.677725 
16 16
-6.71691 -6.57836 -3.53139 -8.25047 -6.78802 0.194617 0.280984 -3.50606 -5.28712 -4.34165 -7.51527 -1.39021 -1.35145 -6.39158 -2.45256 -7.86807 
-4.39598 -0.782281 -5.83462 -6.67113 -5.29963 -3.65224 -7.92453 -5.97989 -7.61263 -5.07746 -1.31025 -4.57573 -0.346477 -6.95434 -8.51109 -5.28132 
-8.90722 -6.44896 -2.87768 -8.49492 -5.73635 -0.322367 -6.86401 -3.6379 -7.22169 -0.452681 -6.71874 -1.32551 -8.43907 -5.85446 -7.66787 -4.06821 
-2.2902 -1.5193 -8.64629 -8.32615 -4.59618 0.616077 -0.645863 -5.71957 -1.71035 -1.74026 -7.73592 -6.21488 -2.21512 -2.3964 -4.82171 -1.09449 
0.738762 -5.90909 -1.20832 -8.52391 -5.1156 -0.190527 -4.02304 0.471114 -4.47655 -2.80963 -0.564074 -7.19849 -8.12412 -6.29484 -3.64156 -6.91711 
-3.46211 -2.7553 -8.96429 -0.450545 -3.51949 -3.13007 -8.64171 -1.68807 -0.968444 -1.37831 0.136326 -6.85943 -8.72839 -8.92462 -2.81573 -7.0343 
-3.70992 0.331645 -6.89544 -5.72292 -5.27064 -0.876583 0.706412 0.615467 -4.93524 -0.26194 -5.00116 -3.65987 -8.95392 -4.57054 -2.30119 -3.13526 
-0.247902 0.0188299 -2.81603 -7.46095 -1.32002 0.361248 -0.165502 -1.62276 -4.67675 -8.62371 -6.30064 -3.1908 -2.33964 -1.67769 0.424726 -4.35203 
-0.9953 -3.99924 -3.62264 -1.53945 -4.35752 -0.410566 -1.08747 -0.473128 0.706412 -3.22285 -1.29194 0.577319 -7.28822 -4.10178 -5.88498 -8.50713 
-7.79696 -0.250343 -1.5425 -7.83663 -5.06098 -0.221046 -3.78469 -2.32255 -4.93738 0.331034 -0.964171 -5.95456 -3.31501 -2.35795 -2.4959 -3.36354 
-2.67321 -6.73583 -0.386456 -1.4839 -8.34629 -3.3849 -8.12717 0.875484 -1.05969 -3.6672 -6.01163 -7.26411 -7.29951 -4.87207 -6.94427 -7.87783 
-4.07035 -2.1785 -1.79611 -4.11826 0.382611 -2.75103 -8.37864 0.350871 -6.66442 -2.27158 -3.08582 0.0426344 0.26664 0.770806 0.715567 -3.44624 
-3.11054 -7.27509 -1.49611 -5.12934 -1.01758 -0.9541 0.552293 -0.732536 -6.55486 -5.13269 -1.04657 -4.02091 -0.972411 -3.4261 -8.34263 -5.1568 
0.1583 -5.94357 -5.54256 -2.91064 -7.67794 -1.66396 -3.13862 -8.52757 -7.58547 -5.74978 -7.20948 -4.06882 -7.48598 -7.11823 -7.96176 -3.03974 
0.512314 -6.57622 -6.57347 -6.11051 -3.96689 -0.835383 -4.39842 0.247719 -4.91174 -2.71929 -3.597 -0.594897 -8.1052 -2.87219 -3.25611 -3.31532 
-8.69817 -3.28663 -0.0592975 -4.88 0.25779 -7.95901 -7.5699 -2.9436 -8.23978 -0.985229 -3.19019 -1.22114 -0.275369 -7.41426 -6.85974 0.353618 
16 16
-6.60033 -7.30897 -2.63933 0.297769 -8.0762 -3.08948 -6.17521 -1.94931 -6.30644 -2.88043 -5.1745 -4.38682 -7.03827 -7.5107 -7.93704 -4.75518 
-4.12406 0.803766 -1.48848 -5.94723 -1.97891 -0.421552 -6.19687 -8.40947 0.381085 -8.06858 -4.62334 0.168676 -2.84564 -3.11542 -3.6794 -4.93371 
-6.13675 -1.21656 -4.14359 -3.16272 -0.806696 -4.46892 -6.60582 -7.10999 -0.998962 0.315775 -7.89828 0.532762 -4.07309 -3.48134 -7.07794 -1.32795 
-6.94885 0.499496 -5.02466 0.349956 -4.9685 -8.06552 -6.7105 -6.68975 -4.8449 -3.59548 -0.210059 0.777825 -8.24924 -0.084933 -1.5132 -0.358989 
-7.60866 0.0365307 0.803156 -1.77657 -0.674245 -6.64458 -8.02585 0.834895 -5.41804 -6.07877 -5.54103 -8.71587 -1.82723 -7.62728 -0.69805 -7.45241 
-2.15378 0.443037 -8.62004 -5.22669 -6.18497 0.514756 -0.5244 -1.18238 -3.09406 -5.07196 -2.8905 -2.50871 -6.43797 -5.27979 -4.92639 -8.28678 
-3.85977 -7.51711 -8.39756 -6.24998 -8.06217 -0.966613 -8.88525 -5.26606 -0.610767 -1.42195 -2.52947 -1.35298 -5.13697 -7.93857 -7.32484 -0.0446486 
-1.49031 -6.61467 -3.02844 -2.91339 -7.41792 -1.81289 -8.74487 -1.06946 0.679861 -0.136509 -2.24686 -3.44319 -8.65545 -7.47133 -0.102023 -2.66344 
-5.54714 -4.40666 -2.65581 -6.35038 -6.16575 -0.347697 -2.94604 -6.62566 -5.43696 -1.63405 -3.60219 -5.66341 -1.65053 -3.96902 -0.798761 -0.0837123 
-4.5208 -4.48418 0.682608 -2.00974 -3.26923 -3.74197 -7.78964 0.404279 -6.28965 -2.99182 -8.17417 -4.84063 -8.95636 -6.99463 -8.53734 -1.50038 
-1.13965 -7.72463 -3.19538 -0.908322 -0.993469 0.736625 0.717093 -8.52025 -6.5692 0.80224 -3.81063 -8.99298 -1.83029 -6.8341 -0.272317 -2.61156 
-8.62127 -3.53932 -8.86633 -0.877804 -1.15369 -5.52852 0.609668 -4.0679 -4.58061 -4.40117 -0.879635 -8.57884 -4.20798 -5.74612 -7.04132 -6.87011 
-6.91955 -1.12561 -1.55135 -7.81741 -1.36641 -3.75082 -2.28318 -0.287576 -8.49217 -3.15937 -8.51872 -7.74966 -8.94995 0.788202 -0.211585 -6.73186 
-8.97894 -0.715751 -3.36659 -6.94183 -1.29835 -8.99176 -0.590014 -5.85629 -2.5844 -1.69143 -0.883908 -5.59719 -4.0914 -7.18567 -7.73501 -4.90747 
-6.9809 -4.82751 0.428083 -4.03281 -8.91791 -1.41005 -1.64657 -5.32923 -3.5027 0.874264 -3.40199 -7.40541 0.904782 -5.34358 -0.39378 -5.61122 
-8.59502 0.487289 -4.82293 -6.68853 -6.74285 -7.51283 -3.74532 -0.391949 -6.50481 -8.75219 0.981079 -5.89871 -1.09876 -6.33512 -8.05301 -5.81082 
16 16
-8.0933 -1.40394 -2.38542 -1.10822 -1.71157 0.731742 -4.45 -2.49345 -1.1659 -1.03162 -5.90939 -6.47856 -8.2822 0.00936918 -5.55232 -5.66677 
-3.33882 -6.03574 -6.52403 -7.17072 -0.357768 -6.03421 -6.43004 -8.54802 -0.535386 0.221473 -0.741691 -3.83993 -5.3863 -6.81426 -3.56313 -7.51802 
-6.1511 -4.45763 -4.82415 0.849544 -1.04077 -2.31919 -7.96359 -6.61071 -6.87317 -3.64278 -7.16126 -0.625111 -6.66594 -8.77355 -8.18394 -8.48943 
0.248634 -1.06671 -1.90689 0.251381 -5.97195 -0.552477 -4.57451 -1.6722 -0.518906 -5.66402 -3.86068 -7.31812 -0.981567 -8.3466 -4.79211 -4.01083 
-3.16211 -2.85846 -4.60015 -5.0445 -7.22535 -3.57411 -0.556444 -2.41502 -0.740471 -2.10434 0.135411 -3.40565 -0.184118 0.953307 -5.65975 -8.82971 
-7.45729 -0.674551 -8.18821 -5.74612 -2.98816 -5.88345 -5.22272 -2.46171 -1.97952 -3.69985 -0.780755 -8.62981 -5.36067 -6.67327 -6.20359 -8.25779 
-2.01004 -0.456343 -2.66283 -8.4409 -3.81216 -4.89068 0.844661 -1.62795 -0.10477 -6.90765 -5.04755 -4.23606 -3.08734 -0.559496 -1.23426 0.575182 
-0.745659 -4.4912 -8.97345 -6.84509 -8.86084 -2.16599 -0.456648 -7.16919 -8.66033 -5.15864 -0.186254 -4.22324 -1.67922 -4.82446 -1.20771 -2.52641 
-8.39024 -2.66436 -5.27491 -3.05316 -2.16141 -4.68987 -0.998657 -5.0332 -5.11499 -0.10538 0.94995 -6.59545 -7.43898 0.377728 -8.47447 -2.07443 
-6.71966 -3.70962 -3.18073 -8.79003 -8.85504 -6.10227 -2.67199 -1.10883 -7.11548 -2.87463 -6.07419 -4.609 -0.907407 -2.39244 -3.52834 -8.14731 
-0.810968 -6.4575 -4.01053 -6.6574 -1.44545 -7.95413 -3.63759 -2.47697 -8.73235 -5.31397 -3.52528 -8.02524 -3.1142 0.891049 -1.25929 -7.6401 
-5.29261 -1.08655 -5.04175 -1.38777 -6.05008 -0.955931 -4.57604 -8.65911 -6.71325 -1.24464 -7.75332 -4.35905 -1.82662 -5.53218 -7.20093 -5.51357 
-0.593066 -0.373028 -5.75741 -1.09174 -8.64934 -6.22892 -4.93646 -2.86792 -6.73095 -7.7109 -5.43849 -0.12949 -7.80093 -8.45585 -3.78103 -6.04611 
0.807733 -0.940977 -4.09934 -8.50896 -1.3368 -6.55394 0.812006 -3.25855 0.366436 -6.22892 0.155248 -2.10923 -1.0307 -6.96045 -6.57317 -4.08103 
-1.87027 -4.51164 -2.71502 -2.25724 -8.56999 -7.62239 -3.07056 -4.17716 -7.69686 -4.03739 -7.06757 -8.57518 -6.99951 -3.66079 -0.543931 -6.27927 
-3.95834 0.846187 -5.20991 -8.08475 -3.41877 0.714652 0.1583 -7.4109 -0.869869 -5.34846 -2.28349 -0.557054 -2.92712 -5.9573 -6.30613 -2.36711 
16 16
-3.81735 -6.8048 -6.52983 -3.43861 -3.02936 -2.5963 -6.00247 -3.0904 -4.02304 -7.28547 -6.36503 -6.38884 -7.94223 -3.16944 -8.54161 -2.10984 
-8.81262 -2.1019 -0.181372 -2.68053 -8.22666 -7.68831 -0.315348 -6.4633 0.265419 -8.36552 -1.37251 -7.95322 0.495834 -1.66915 -7.62392 -8.69726 
-4.81439 -5.00879 -4.11429 -6.74834 -6.9397 -3.25367 -5.14612 -7.46767 0.00265511 -8.4528 -6.37358 -3.48653 -2.30882 -1.99417 0.424726 -6.64183 
-1.84616 -4.51775 -4.16495 0.305399 -2.32163 -3.89517 -4.50005 -0.649831 -1.48512 -6.58873 -7.05872 -7.4817 -8.19065 -2.70128 -6.53685 -6.08609 
0.204993 -0.0303049 -4.9389 0.735405 -6.45201 -7.43776 -2.71441 0.439985 -3.86007 -2.8493 -6.01163 -3.74715 -1.03528 -6.19657 0.895016 -1.80007 
-4.66118 -2.60912 -6.06198 -8.14396 -6.58507 -6.17856 -0.708426 -8.00266 -6.02292 0.404889 -8.96216 -6.65862 -3.02966 0.0185247 -2.5844 -4.43443 
-4.80737 -6.22709 -8.4293 -5.2096 -1.40211 -8.13877 -2.23435 -1.28492 -2.36161 -2.72326 -1.03314 -2.40709 -0.911069 -7.90774 -3.23627 -1.76681 
-7.211 0.98413 -0.455123 -6.78039 -7.25983 -8.31089 -0.125217 -7.46919 0.996033 -2.91461 -2.99365 -0.251564 -2.21757 -1.42256 -4.52873 0.0444655 
-3.71114 -4.51927 -4.32395 -7.86624 -4.43992 0.0896329 -2.54717 -8.62065 -0.0654012 -6.88598 -7.50581 -3.76608 -1.53822 -0.821955 -3.38765 -4.78692 
-7.26167 -2.93933 -2.23954 -3.41847 -3.40077 -5.62587 0.753105 -2.05918 -3.89914 -8.63897 -5.37654 -2.09153 -6.76269 -6.49962 -6.44469 -2.9259 
-8.17875 -2.39 -2.67473 0.419538 -1.02612 -8.86847 -7.8049 -1.60872 0.653615 -0.710562 -1.80801 -1.18543 -5.33137 -0.19541 -6.28996 -3.167 
-0.391644 -0.143834 -6.62291 -4.93646 -6.87591 -5.021 0.11771 -8.8468 -1.98868 -5.42293 -2.64635 -5.07135 -0.485336 -6.24967 -7.71944 -7.68343 
-7.69442 -3.88449 -3.84542 -1.76193 0.565111 -2.6906 -7.47346 -4.35386 -0.39317 -6.1334 -0.632435 -7.08985 -7.51741 -2.84747 -3.98672 -3.27686 
0.00753807 -2.95581 0.875484 -7.27387 -2.36497 -4.95569 0.846797 -8.96582 -2.36741 -8.48424 -1.65145 -1.14667 -0.0193182 -3.2732 -3.05225 -2.62865 
0.443953 0.389019 -8.51201 -4.88122 -0.752373 -0.618091 -6.33024 -5.02161 -1.20588 -1.65267 -0.983093 -2.96558 -6.13584 -7.15882 -3.83383 -5.54866 
-7.26777 -0.264382 -5.57796 -5.4333 -7.36085 -5.45192 0.506516 -7.61476 -1.94198 0.39787 0.44792 -1.33558 -4.81042 -1.73293 -2.45592 -0.225623 
16 16
-8.87823 -3.45387 -4.46556 -5.84164 -7.59767 -2.33018 -0.177099 0.63744 -2.03873 -3.07331 -8.50011 -4.47716 -1.23334 -7.52138 -2.12754 -3.47951 
-2.16874 -8.09421 -8.65026 -4.05356 -5.43178 -7.11975 -3.82192 -5.71896 -7.11701 -7.35414 -1.25471 -7.00012 -8.56938 0.996643 -2.60027 -1.13019 
-0.522874 -3.56404 -7.28272 -3.10504 -3.19324 0.211402 -5.84378 -5.89261 -8.89105 -2.09732 -5.96585 -8.61943 -8.71801 -6.74102 -5.23096 -4.54003 
0.0936003 -6.02902 0.318522 -1.60506 -5.3686 -5.94082 -2.24595 -3.43922 -2.00913 -7.42372 -0.0861538 -3.53993 0.622181 -6.69799 -4.93738 -0.515244 
-5.21113 -4.87634 -5.49678 -7.16645 0.568468 -2.21421 -5.92526 -1.22968 -3.16944 -7.30042 0.475082 -0.594592 -4.36241 -6.49962 -1.65786 -0.804559 
-6.5045 -3.96628 -0.959899 -7.65505 -2.0961 -7.53328 -2.92285 -2.7022 -7.37092 -0.792352 -4.89984 -4.49638 0.153111 -6.6809 -6.60063 -3.34797 
-5.27918 -2.88165 -5.13544 -2.44157 -5.56301 -4.356 -8.67528 -3.11054 -4.16343 -3.31288 -7.78384 -7.08588 -0.620838 -1.93649 -8.49187 -3.5262 
-0.704459 -8.17814 -6.16941 -3.65041 -3.77187 0.0734581 -4.26292 -0.775872 -3.89792 -7.87265 -6.95801 -8.58312 -6.33634 -2.3723 0.171728 -5.41224 
-5.87551 -4.63341 -7.53938 -7.40999 -8.65026 -7.52474 -2.661 -8.335 -3.97543 -6.32933 -4.65996 -8.83703 -7.75912 -4.75365 -3.12671 -3.01929 
-4.06241 -6.4987 -4.30595 -5.10187 -6.36442 -7.71364 -4.98956 -3.9913 -5.09821 -0.639149 -2.83496 -8.57549 -3.01807 -3.7557 -7.17225 -1.55348 
-4.96179 -8.74731 0.639271 -4.61266 -3.56862 0.40672 -6.76238 -2.76446 -7.51955 -4.10575 0.615162 -0.655019 -3.8558 -3.21491 -3.27046 -8.66185 
-0.945555 -8.32524 0.321268 -1.58217 -3.6559 -2.04849 -4.1381 -7.74111 -7.2931 -2.63018 -4.41856 -1.31208 -1.87729 -7.37672 -1.4958 -5.68142 
-3.31196 -5.40095 -2.56578 -0.654103 -3.00678 -4.99872 -0.170385 -1.32307 -2.52306 -5.96127 -6.50206 -1.41035 -4.80218 -2.14676 -6.94336 -8.89288 
-8.5349 -4.61663 -1.90994 -6.72668 -7.2403 -0.64861 -1.05725 -6.4807 0.385052 -8.94537 -8.90844 -7.69381 -2.71166 -6.34214 -5.97592 -0.766717 
-4.51286 -6.33604 -4.43199 -6.20084 -7.46461 -4.73901 -2.3903 -7.99838 0.474776 -2.77667 -5.86728 -4.03464 -4.30137 -2.93872 -2.47728 -1.21534 
-6.82189 -7.89554 -5.9335 -8.23276 -6.52464 -7.79452 -5.40706 -3.72823 -4.01083 -6.24754 -8.81628 -2.68419 -3.13038 -0.323283 -4.10056 -8.84313 
16 16
-5.25507 -6.3751 -3.23872 -5.8392 -1.87881 -6.99677 -2.64879 -5.52242 -3.87014 -3.54268 -8.51811 -2.19468 -8.61241 -2.24595 -1.9957 -7.86105 
-8.72808 -4.32731 -7.16095 -2.06467 -5.23829 -2.76141 -1.96701 -5.30879 -8.55626 -5.55324 0.328593 -1.00659 -3.8735 -5.82394 0.179357 -8.7879 
-2.50383 -4.03098 -2.84472 -6.95709 -5.74795 -2.62682 -7.3282 -6.93115 -2.83679 -8.47233 -4.02274 -7.45759 0.475997 -3.31532 -5.65548 -1.43355 
-8.8822 -7.65261 -6.6046 -3.13312 -0.868038 -8.27519 -1.49794 -8.65636 -2.22398 -4.82659 -6.80267 -7.4167 -3.26862 -5.67104 -4.4622 -7.47377 
-3.1493 -8.39238 -1.65023 -2.52672 -0.109348 -5.23646 -5.69851 -3.38002 -8.34263 -8.80407 -8.26145 -1.69417 -7.9874 -8.31303 -7.78506 -8.83703 
0.168981 -1.7369 -4.33586 -7.63857 -1.28339 -4.1384 -5.85904 0.122898 -5.18091 -7.50185 0.0804773 -7.2934 -7.98526 -2.38664 -0.000396741 -8.95605 
-8.9414 -6.70775 -0.409955 -2.78491 -6.75323 -1.95663 -8.86572 -4.05142 -5.34083 -2.17759 -0.816462 -8.65758 -5.24409 -6.01041 -4.5678 -4.01755 
-2.23191 -7.11121 -1.26569 -5.34938 0.319437 -3.26405 -8.81201 -0.185034 -6.28721 0.501022 -3.7615 -8.92126 -5.67165 -5.52486 -0.276894 -4.21287 
0.556871 -2.78826 -0.190832 -7.03125 -0.280862 -1.48115 -3.24818 -2.18979 -6.59789 -2.79437 -1.58309 -1.16132 -5.35029 -6.74285 -7.50063 -4.98651 
-4.55376 -0.866512 -8.6176 -5.09607 -2.06772 -0.126743 0.568468 -4.8562 -2.21451 -3.30158 -3.37971 0.353923 -6.78924 -6.20054 -4.44359 -8.28678 
-2.03018 -7.00775 -2.37199 -3.62691 -8.10764 -4.06699 -0.576891 -5.10279 -2.69213 -1.4189 -0.768853 -1.08411 -5.17328 -2.40648 -3.39253 -3.81613 
-3.07819 -6.65862 -7.92636 -4.77197 -7.26563 -0.764885 -2.10556 -3.22834 -7.44874 -7.95474 -4.1381 -5.87674 -4.61235 -7.09229 -6.96655 -0.281167 
-1.89071 -6.30186 -8.64568 0.00357067 -0.4597 -1.53212 -7.89584 -4.15946 -2.01492 -5.37745 -8.8938 0.634693 -4.39323 -6.46147 -4.36546 -6.64214 
-1.89956 -4.70421 -1.04016 -1.33192 -6.90765 -2.77789 -6.53319 -8.70275 -4.28611 0.934385 -1.71249 -3.08429 -5.2273 -2.44066 -7.623 -3.36262 
-2.02499 -4.16892 -1.01544 -2.62682 -0.3773 -7.25861 -7.56014 -4.79241 -0.769768 -8.55901 -6.79015 -6.00797 -5.50288 -3.92935 -7.85311 -3.6614 
-2.92468 -1.78329 -0.120334 -0.795099 -5.4391 -5.32862 -7.72646 -8.74242 -2.8374 -8.8059 -2.09214 -5.80258 -7.53298 -8.04904 -1.50313 -4.76037 
16 16
-3.71236 -6.18986 -7.23878 -6.49565 -2.9732 -1.41554 -5.60329 -0.0760826 -3.80728 -1.39448 -6.60216 0.865108 -5.87307 -1.23823 -7.6401 -8.24131 
-0.118503 0.858394 -6.01041 -4.87359 -1.0246 -5.90756 -1.5779 -7.62789 -3.24055 -1.28309 0.989624 -5.76565 -4.17899 -2.42967 -3.626 -7.93002 
0.870907 -4.83239 0.0874966 -2.82672 -0.452986 -0.961425 -6.79046 0.302347 -7.42433 -7.0047 -8.67193 -1.38563 -8.2758 -2.97351 -6.38426 -7.81375 
-1.01697 -6.50572 -7.0224 -2.6848 -4.58275 -5.66646 -6.78405 -1.21809 -6.87439 -1.07099 -5.86026 -1.73263 -1.26234 -2.63292 0.56267 -8.88861 
-8.1055 -1.25471 -3.87503 -1.40547 -2.85083 -0.77282 -2.12174 -2.06253 -7.28394 -0.468245 -7.43348 -2.79803 -5.47725 -3.45662 0.548631 -2.71776 
-1.01788 -1.26966 -1.71187 -1.82632 -7.05902 0.0597247 -4.63616 -8.29594 -5.77053 -7.90378 -3.07971 -2.07779 -8.7467 -1.02857 -2.48796 -2.68023 
-4.92975 -5.08875 -2.7318 -3.91348 -7.62056 -0.989196 -3.67971 -3.42335 -7.12891 -3.05805 -1.57088 0.179662 -0.634571 -5.71743 -0.25248 -5.22181 
-5.81661 -8.84741 -6.34092 -6.01224 0.186987 -7.14966 -2.37382 0.35667 -0.0779138 -3.83413 -7.00989 -0.279946 -8.69451 -3.92752 -6.34489 -1.10425 
-6.70501 -7.52809 -5.40187 -6.09586 -0.027253 -8.31242 -3.85946 0.905393 -3.5143 -7.60836 -5.08142 -2.96313 -4.71673 0.652089 -2.51024 -6.65648 
-3.92172 -6.21274 -2.4846 -3.01776 -2.01767 -2.27738 -7.54762 -5.10797 -2.75866 -2.47819 0.697256 -3.88083 -0.981262 -4.20341 -4.88733 -5.02252 
-3.34492 -1.32887 -6.116 -7.75973 -3.15082 -6.00583 -5.3683 -3.45448 -5.80807 -8.51567 -7.27387 -6.79839 -6.50572 -0.503342 -0.260109 -7.41456 
-6.65374 -1.90353 -7.03003 -4.68194 -0.65746 -6.86889 -8.02158 -3.59761 0.41435 0.986267 -6.92474 -4.48448 -3.29548 -1.29255 -2.30699 -4.35936 
-7.57753 -0.810358 -4.41734 -2.77392 -7.8818 -3.897 -1.22633 0.0581988 -6.19047 -1.73995 -2.76934 0.0383618 -2.59539 -1.90048 -7.85098 -6.9516 
-8.1464 -6.02078 -2.17637 -6.9049 -0.529893 0.968261 -1.97189 -3.08368 0.854122 -0.182287 -2.15287 -7.75729 -1.13721 -1.19275 -3.10871 -8.10154 
-4.94134 -1.85379 -5.1623 0.928587 -2.92315 -8.37468 -4.76647 -1.06 0.346599 -4.80309 -1.50252 -5.15131 -7.39259 -2.8197 0.0572832 -3.78591 
-5.3448 -0.226234 -5.43696 0.349651 -4.24491 -3.43709 -7.8876 -0.600085 -2.83862 -4.28642 -2.57768 -3.42824 -7.82015 -6.46605 -2.10923 -4.29801 
