2 2
0.157537 0.48085 
0.649678 0.116123 
2 2
0.979003 0.571673 
0.803461 0.10062 
2 2
0.0779443 0.679403 
0.701956 0.433515 
2 2
0.884365 0.314585 
0.912503 0.615497 
2 2
0.793542 0.614887 
0.551073 0.212195 
2 2
0.802973 0.310099 
0.761742 0.291086 
2 2
0.951506 0.279275 
0.420454 0.184484 
2 2
0.780206 0.0432447 
0.0326548 0.672628 
2 2
0.533403 0.0364696 
0.29255 0.180181 
2 2
0.318766 0.00189215 
0.273415 0.0805383 
2 2
0.945036 0.352763 
0.717643 0.700888 
2 2
0.656178 0.844722 
0.394818 0.122349 
2 2
0.481094 0.402417 
0.997345 0.369091 
2 2
0.416974 0.444075 
0.541398 0.0792261 
2 2
0.16538 0.547929 
0.743126 0.252541 
2 2
0.640156 0.804071 
0.337565 0.16773 
1024 1
0.965239 0.695403 0.775001 -0.0874546 0.140208 0.145819 0.88152 0.197749 0.173243 0.652432 0.402692 1.63522 1.0554 0.951017 0.310844 0.230984 0.625089 1.49244 2.19136 0.515013 -0.360764 0.773733 1.25788 0.643449 0.0200781 1.21845 2.81879 0.401708 -2.82707 -0.614647 2.14878 1.55673 0.490301 0.551563 1.08388 0.578442 -0.626023 -0.834757 2.77898 1.13512 0.000559386 0.447771 0.384827 0.80342 0.989383 0.957665 1.66984 0.36965 0.0614476 0.389782 0.6471 0.546907 0.760947 1.25532 0.485935 0.410003 0.683065 0.867799 0.627314 0.607831 0.453425 0.383223 0.779943 0.69281 0.0252083 0.0381597 0.890687 -0.0794564 0.278044 0.104944 0.825235 0.43938 0.139466 0.786311 0.511084 1.61224 1.07205 0.363805 0.514244 0.632019 0.195914 1.38725 3.37104 1.59187 -1.23016 0.537611 1.65365 0.416337 0.0761313 1.21408 4.30639 0.21087 -4.97697 -2.62617 3.28378 1.95281 0.316537 0.408339 2.10949 0.698839 -2.19109 -2.4009 4.04128 2.92347 0.518958 0.441686 0.557773 1.25604 0.454555 1.3567 3.01249 0.782763 0.0516165 0.435182 -0.065395 0.945255 1.67137 1.15774 0.817568 0.438756 0.973205 0.329635 0.958908 0.260938 0.771735 0.275105 0.139228 0.842653 0.732871 0.523028 0.29724 0.70134 -0.370368 0.613603 0.629349 0.773575 0.88441 0.413299 1.32669 1.3771 1.31306 1.03888 0.718543 0.508333 0.316966 1.4949 3.17859 0.352761 -1.4906 0.450845 1.92214 0.819779 0.86054 2.47251 3.37277 -0.193895 -3.29047 -0.785387 3.15276 1.60594 0.202088 1.2195 0.970633 0.746713 -1.8742 -0.366992 3.03373 1.00714 0.333106 0.550052 0.571093 1.35396 0.997302 1.75213 1.80317 0.215477 0.211475 0.554947 0.575626 0.700193 1.05498 0.965629 0.330798 0.868894 0.706137 0.798692 0.268468 0.0544015 0.88615 0.821277 0.553749 0.8089 0.304971 0.500102 -0.0340309 0.457492 -0.381643 -0.300716 0.31932 0.0634325 0.815745 0.350599 1.39814 1.7087 1.05838 0.223195 0.687185 0.537249 0.608837 1.41386 4.29085 0.410841 -1.42257 0.283796 2.59143 0.55616 0.173849 1.89679 4.99689 0.103375 -5.40144 -3.2225 4.70477 1.55082 0.127119 0.679884 1.6177 1.87678 -1.8865 -2.48106 3.86741 2.61474 0.613479 0.0268817 0.501443 1.61625 1.43668 1.36587 2.33364 0.920707 0.882937 0.763813 0.0444801 0.232472 1.09977 1.67276 0.635407 0.48401 0.411237 0.68746 0.306157 0.66676 0.325632 0.0160545 0.82724 0.0132963 0.458357 0.822295 0.440812 0.0965638 -0.16088 0.621262 0.480743 0.675907 0.833272 0.761191 0.590224 1.15424 0.281915 0.237535 0.46951 0.161612 0.121842 1.68142 3.64605 1.68822 -0.919491 0.94791 1.99359 0.808436 0.281282 1.48801 3.26163 -0.471079 -4.23632 -2.06799 3.62919 1.72947 0.56928 1.15994 1.70726 0.757588 -2.04822 -1.63555 3.99558 1.85637 -0.0249165 0.145609 0.434453 1.37587 0.992105 1.2492 2.13168 0.72018 0.907396 0.453058 0.292557 0.366872 1.7058 1.65239 0.0320763 0.791502 0.11774 0.908209 0.343035 0.286599 0.604329 -0.0199773 0.360205 0.388711 0.409772 0.83368 0.506843 0.270021 0.0409992 0.187456 0.0988709 0.475353 0.346625 0.609696 0.94609 1.923 0.706554 0.178619 1.09821 0.0529202 0.488465 1.37863 3.67778 0.641853 -1.5482 0.291258 2.01533 0.492077 0.966601 1.33815 3.71954 -0.206554 -3.5656 -2.14479 3.59269 1.46339 0.467268 0.930043 1.39939 1.01433 -1.01287 -1.63183 3.27556 2.77712 0.616376 0.317599 0.665275 1.58223 0.821313 1.29735 1.85884 0.546246 0.627138 0.68635 0.320432 0.339448 0.699173 1.74727 0.816015 0.101924 0.354991 0.872455 0.142456 0.678348 0.663666 0.0628198 -0.0102406 0.359841 0.876095 0.387701 0.731091 0.0201062 -0.0580833 0.636254 0.777648 0.827334 0.254659 0.0513552 0.434035 0.78472 0.627179 0.958058 0.523764 0.616762 0.774277 0.729238 3.0506 1.6711 -0.146016 0.746036 1.8665 0.628313 0.510474 1.14163 3.40318 -0.310357 -3.1507 -1.53646 2.70985 1.85912 0.306996 0.186857 2.18249 0.943318 -0.962264 -1.96737 3.07703 2.29716 0.159502 0.573258 0.0999999 0.932046 0.926584 0.900717 1.81655 0.581717 0.883569 0.875098 0.619107 0.734565 1.28591 0.936766 0.709071 0.375172 0.152257 0.492673 0.965262 0.00268641 0.739564 0.0715938 0.0773145 0.855828 0.0740074 0.83048 -0.0374875 0.171057 0.61981 0.0558661 0.532594 0.597144 0.963842 0.967959 0.820604 1.03683 0.469083 0.669215 0.625512 0.615306 0.585061 1.72446 2.3115 0.314385 -0.44581 1.55617 1.77349 0.072639 0.689873 1.62208 2.70096 0.156951 -2.70344 -1.37075 2.8558 0.849881 0.0346743 0.717558 1.42259 1.17228 -1.03648 -1.21999 2.53545 1.06679 0.77483 0.442951 0.143596 0.846375 1.34564 0.937631 1.70168 1.08477 0.018668 0.0242602 0.383251 0.130728 1.31317 0.587593 0.806362 0.205309 0.0388195 0.180482 0.577821 0.00483277 0.847775 0.488416 0.484985 0.303862 0.72042 0.0171065 0.798428 0.693521 0.478281 0.227666 0.881045 0.149677 0.382927 0.560817 0.728271 0.651098 0.198208 0.195181 0.71593 0.297134 1.0031 0.425688 2.07491 0.728265 -0.252342 0.637865 0.750361 0.197227 0.785015 1.08019 1.97734 0.735198 -1.28731 -0.737309 2.28121 1.38982 0.153893 0.281395 1.18141 1.21515 -0.583269 -0.778703 1.69706 1.22217 0.106462 0.101703 0.647862 0.783877 0.499039 0.878116 1.77998 1.22012 0.874226 0.590441 0.11652 0.0422135 0.698923 0.586859 0.684603 0.531104 0.0440077 0.849073 0.242589 0.858696 0.260885 0.136784 0.565123 0.632154 0.0320139 0.292658 0.0733798 0.512472 -0.11881 0.584522 0.908548 0.350407 0.910657 0.67334 0.917625 0.884633 0.558583 0.54195 0.378115 0.532971 0.626051 0.554489 1.00551 0.872011 0.113582 0.073056 0.908763 0.550138 0.576808 1.12134 1.64627 0.20569 -1.32745 -0.709534 1.61564 1.34001 0.600419 0.936331 0.636921 0.717674 0.321735 -0.0816607 1.80102 1.511 0.312141 0.915195 0.00252111 0.732584 0.357124 0.585945 0.709973 0.630655 0.791958 0.553756 0.881182 0.0470055 0.791058 0.776382 0.660505 0.815633 0.697134 0.909576 0.722353 0.292591 0.874325 0.394849 0.175667 0.267727 0.7257 0.505953 0.172473 0.0699246 -0.526376 0.650501 0.122027 0.563782 0.454473 0.659775 0.79369 1.32485 1.22972 1.04685 0.975778 0.532955 0.557574 1.65361 3.84958 0.879179 -1.53982 0.521506 2.63794 0.469661 0.358494 1.98923 4.62031 -0.554948 -4.87731 -2.83991 4.48642 2.03134 0.832455 0.420854 2.17138 1.60277 -2.63179 -1.97796 4.20403 2.86297 0.0247543 0.674087 -0.204569 1.82038 1.33705 0.775814 2.26241 0.707068 0.613367 0.350199 -0.0569037 0.340525 1.60161 1.40749 0.320022 -0.156041 0.0274361 0.273806 0.272427 0.492989 -0.0774614 0.0365875 0.658223 0.136365 0.018189 0.0129731 0.309718 0.233038 0.0419939 0.413254 0.634783 0.656576 0.414355 0.0799312 0.199192 1.22791 0.734749 0.999797 0.970554 0.275422 0.350308 1.04951 3.09623 1.31817 0.255892 1.24446 1.01748 0.560901 0.880948 1.76599 3.21088 -0.919078 -3.71824 -0.938055 3.14734 0.989818 0.864099 0.849869 1.91739 0.793727 -2.31595 -1.4901 2.92983 1.36411 0.424415 0.53154 0.022223 1.25017 0.321036 0.776147 2.08979 1.27208 0.680698 -0.00119243 -0.0214022 0.126872 1.78771 1.06089 -0.106905 0.538105 0.564257 0.35534 0.672646 0.179181 0.48632 0.635278 0.904439 0.670823 0.626362 0.654871 0.644687 -0.204792 0.26048 -0.102159 0.899746 0.992882 0.701799 0.500478 0.741858 1.74867 1.08752 0.311722 1.05303 0.870085 0.149427 1.74674 3.76824 1.18699 -1.55835 0.725073 2.46315 0.332114 0.436087 1.3291 3.63476 -0.541996 -3.9141 -2.75275 3.33766 1.59981 0.109902 1.04226 1.98824 0.886359 -1.32829 -1.62878 3.68219 2.25956 0.195178 0.187847 0.25306 0.957454 0.462803 1.77425 2.08483 0.701085 0.836034 0.0364087 0.356571 0.0164934 0.837685 1.2663 0.0359944 0.671089 0.336894 0.0648971 0.181865 0.620066 -0.00151534 0.0450611 0.247737 0.794542 0.766961 0.7883 0.353618 0.648677 -0.0789539 0.189296 0.0665245 0.438496 0.711678 0.463426 0.870006 1.51947 1.21353 0.049836 0.428282 0.305292 0.49957 0.767979 2.62707 1.11495 -0.049561 0.384564 1.42415 0.142883 0.803276 0.894858 2.91464 -0.372613 -2.64951 -0.669465 2.8162 1.60705 0.574745 1.09215 1.48889 1.06328 -0.623124 -0.57405 2.23858 1.95741 0.4417 0.229257 -0.0290933 1.15045 0.478528 0.920884 1.98512 0.745587 0.420564 0.338958 0.0462507 0.360836 1.01899 0.763035 0.0237476 0.704608 0.87463 0.81546 0.560527 0.441768 0.0986326 0.52667 0.553083 0.938013 0.156743 0.258158 0.716478 -0.154088 0.0645633 0.477737 0.58905 0.358291 0.356188 0.43871 0.341271 0.9908 0.831071 1.10208 0.734446 0.727535 0.521693 1.09942 3.31596 0.380782 -0.638114 0.213937 1.20395 0.571082 0.26636 2.09653 2.25495 0.0600886 -3.28565 -1.27116 2.11856 1.70299 0.696907 1.18802 1.74311 0.915216 -1.38794 -0.979849 3.37881 1.16295 0.829172 0.584395 -0.130587 0.950617 0.365148 1.69321 2.26741 0.140116 0.276221 0.403453 0.623358 0.128019 0.757459 0.598811 0.276297 0.681869 0.206702 0.518406 0.0715341 0.891841 0.291644 0.0593122 0.175829 0.0270045 0.0125736 0.417297 0.805661 -0.0271073 -0.011007 0.511829 0.580827 0.617425 0.0339426 0.0888122 0.487199 1.03658 0.443863 0.668819 0.394986 0.0389487 0.793035 0.970811 2.4882 1.43217 0.246105 1.03708 1.86005 0.0781408 0.604525 2.02884 2.7952 -0.0926601 -3.73174 -1.17255 3.20899 0.816648 0.464321 0.589973 1.82785 0.810393 -1.74472 -1.17864 3.5942 2.12306 0.511569 -0.182625 0.443503 1.60586 0.212128 1.31935 2.35755 1.02136 0.744804 0.204803 0.0699376 0.186728 1.47509 1.33259 0.275957 -0.0841149 0.862545 0.586398 0.47722 0.651703 0.310403 0.882879 0.964567 0.489716 
1024 1
0.0512406 0.111232 -0.0337053 0.1992 -0.0188638 0.796366 0.553725 0.581809 0.651615 0.665748 -0.301826 1.1188 1.28732 -0.21714 0.794357 0.498589 0.404568 0.306325 -0.406877 1.76271 2.99919 -1.2622 -0.659938 0.00868242 0.0728181 -0.0459153 -0.82396 -0.0385121 2.84899 -1.61171 -0.518308 0.690832 0.331035 0.0398484 -1.23061 -0.417396 3.9831 0.308911 -0.0801582 0.457322 0.185992 0.226091 -0.0639361 -0.563863 1.97702 0.257358 -0.612476 0.25797 0.669875 0.410699 0.417413 0.536525 0.72119 0.420822 0.203461 0.776248 0.871334 0.931552 0.0530404 -0.00720602 0.799316 0.119884 0.297878 0.254643 0.489547 0.693966 0.231622 0.0873518 0.213306 0.738647 0.528681 0.11561 0.616438 0.155995 -0.677654 1.7212 2.59348 0.103086 0.868433 0.878446 0.962152 0.387309 -1.75782 1.3844 4.52182 -3.29711 -0.510579 0.164126 0.486289 -0.0460775 -1.75727 -0.978668 5.20587 -3.23531 -1.46661 0.305292 0.267628 -0.126556 -2.01425 -2.5628 6.75801 -0.0364576 -1.69801 0.226473 0.936638 -0.0477418 -1.51644 -2.84331 4.50255 1.18755 -1.87143 0.539947 0.391694 0.68319 0.256107 0.13375 1.34069 0.948467 -0.746018 0.217068 0.762413 0.965527 0.545815 0.546947 0.268218 -0.212184 -0.00301352 0.746631 0.0442213 0.0113589 -0.0118669 0.0413901 -0.27506 0.270715 0.0868854 0.585099 0.828507 0.627806 -0.197013 1.61079 1.26523 -0.340918 0.471782 0.543304 0.550472 -0.0333442 -0.885575 2.8743 2.9316 -2.51878 -0.719927 0.0215271 0.111341 0.646259 -1.18153 1.51939 3.93463 -2.86453 -0.636368 0.409154 0.741208 0.15334 -1.68244 -0.666021 4.85472 -0.758615 -0.352911 0.632683 0.461136 0.309226 -1.42289 -1.49909 2.55115 -0.110278 -1.02707 0.74411 0.748652 0.597514 0.177785 -0.228577 1.26501 0.0557831 0.412997 0.930588 0.565081 0.600898 0.229946 0.578363 0.541782 0.335124 0.478655 0.899855 0.932157 0.416299 0.229595 0.303438 -0.280016 0.544057 0.253437 0.854615 0.694679 0.0462422 -0.525144 1.99775 2.03904 -0.297739 0.650159 0.240062 0.76552 0.41002 -2.19122 2.31478 4.55334 -4.16984 -1.00206 -0.190749 0.723703 -0.208496 -2.13784 -0.440104 5.18325 -4.01422 -1.65514 0.208844 0.718226 0.0754344 -2.6782 -2.49292 7.09292 -0.0722292 -1.33807 0.890045 0.900834 0.767061 -1.30968 -3.21528 3.77394 0.650474 -1.97041 0.00420821 0.0882199 0.102065 0.659172 0.385364 0.754217 0.795195 0.00145744 0.6452 0.808618 0.249547 0.866028 0.778676 0.107333 0.509796 0.531032 0.133911 0.870083 0.760457 0.556155 0.0547025 0.0977297 0.643087 0.569895 0.290152 0.121791 0.800668 -0.900966 1.80613 1.44995 -0.304995 0.615977 0.336733 0.689755 0.257279 -1.33962 2.02446 3.68384 -3.20375 -0.378809 0.226084 0.605303 0.455944 -1.77213 0.220271 4.24089 -3.12475 -0.661783 0.300562 0.673174 0.22738 -1.66573 -2.04172 5.7097 -0.166953 -0.525984 0.389316 0.908808 0.238786 -0.81314 -2.5186 3.93958 0.791244 -1.70514 -0.159152 0.249253 0.828839 0.819706 -0.13107 2.0192 1.51934 -0.165404 -0.0904132 0.522324 0.823159 0.717296 0.330523 0.443447 0.595892 0.563012 0.383234 0.0747703 0.387385 0.641733 0.469775 0.244062 0.557399 0.103993 0.756494 0.507961 0.364743 -0.291351 1.90157 2.41988 -0.191372 0.800086 0.571924 0.924627 -0.131373 -1.71894 1.38001 4.2272 -3.43985 -0.964067 0.716337 0.534278 0.357894 -1.39213 -1.22359 4.06441 -3.31423 -1.54939 0.0950754 0.560504 0.628049 -1.92855 -2.20805 6.10715 0.354023 -1.08072 0.662124 0.651622 0.495207 -0.56995 -2.34262 3.47024 1.47332 -1.4019 0.378918 0.573231 0.542936 0.0702824 -0.227942 1.44014 0.658825 -0.105491 0.0191546 0.235511 0.734655 0.550364 -0.00269229 0.580495 -0.0920391 0.413065 0.0720277 0.263131 0.150674 0.132543 -0.0784011 0.239332 0.394576 0.38234 0.619062 0.761657 0.228243 -0.412553 1.85185 1.44826 -0.529763 0.797949 0.300068 0.554354 -0.17671 -0.83613 0.948457 3.31474 -2.12837 -0.936845 0.676013 0.789727 0.584329 -0.874293 -0.185956 4.42691 -2.62198 -0.78873 -0.0891091 0.855376 -0.0853027 -0.941635 -2.0016 4.72543 -0.167223 -0.600581 0.81913 0.770383 0.382384 -1.09985 -2.24007 3.83957 0.934044 -1.85137 -0.00668536 0.903494 0.878141 0.812117 0.247279 1.55302 1.01141 -0.427698 -0.0668934 0.977508 0.89564 0.62537 0.939673 0.671115 0.212433 0.436336 0.129265 0.651875 0.394978 0.800009 -0.0481186 -0.0642344 0.320133 0.468805 0.74315 0.282624 -0.0684954 -0.210433 1.46533 0.664956 -0.373445 0.0671608 0.303244 0.173371 0.327903 -0.631292 1.71394 1.75854 -1.91289 -0.162308 0.825322 0.150971 0.784288 -0.813079 0.848111 2.96786 -2.59001 -0.358539 0.411039 0.517066 0.0842418 -1.45685 -0.654894 4.129 -0.572639 -0.534731 0.547451 0.428506 0.568488 -0.918559 -1.89877 2.76092 0.768737 -0.859619 0.110611 0.580136 0.715961 0.165508 0.175407 0.826843 0.853279 0.449649 0.2538 0.277505 0.71875 0.707711 0.901316 0.799444 0.0470935 0.500398 0.982641 0.957793 0.979593 0.359202 -0.0860473 0.688729 0.0822733 0.880062 0.493727 0.983185 0.240662 0.409709 1.21541 1.0909 0.124849 0.915067 0.856308 0.874168 0.351849 -0.822146 1.04085 2.69931 -1.75973 -0.0301548 0.297474 0.898455 0.27832 -0.537343 -0.314869 2.23049 -1.42016 -0.189517 0.666462 0.022919 -0.0196321 -0.209609 -0.99386 3.18407 0.508682 -0.219226 0.836429 0.274511 0.955753 -0.501316 -1.76674 1.57041 1.28818 -0.60849 0.635507 0.446262 0.608928 0.680061 0.0589397 0.710012 1.05272 -0.125242 -0.0868577 0.164922 0.115038 0.0620578 0.062261 0.169504 0.2242 0.958813 0.559916 0.397717 0.24565 0.547981 0.433772 -0.0151655 0.126595 0.682935 0.736249 0.260845 0.526957 0.281418 1.19288 1.56585 0.360144 0.121219 0.797473 0.246164 0.84494 0.32221 0.95834 2.29267 -0.891799 0.198539 -0.0716755 0.809865 0.556575 -0.167738 0.0637651 1.69533 -0.544612 0.219129 0.450477 0.331199 0.473698 0.370882 -1.13038 2.17079 0.155585 -0.259746 0.386798 0.463743 0.16017 -0.314659 -0.475443 1.12228 0.731524 -0.593643 0.308789 0.843369 0.492154 0.451842 0.311843 1.15647 0.499454 0.0785964 0.375435 0.168981 0.497562 0.449746 0.145978 0.718228 0.0962235 0.664947 0.288279 0.688437 0.040063 0.704319 -0.274397 -0.689745 0.0692931 0.428876 0.835569 0.0173566 -0.0890754 -0.628532 2.23025 1.79954 -0.305665 0.842657 0.384655 0.370553 0.159737 -2.38002 2.35106 4.47638 -4.32093 -0.817153 0.73913 0.161241 0.585782 -2.04853 -0.413446 5.83312 -3.53531 -1.30008 0.743968 0.901084 -0.0487884 -2.75636 -2.39099 7.49933 -0.505733 -0.978089 0.217256 0.636862 0.0823336 -0.986089 -3.91241 4.59834 0.579971 -2.11879 -0.0996037 0.615387 0.93647 -0.0140642 -0.198578 1.26828 1.10939 0.0232074 0.414751 0.318979 0.778541 0.129608 0.335917 0.626553 0.363186 0.95732 0.0929851 0.0467238 0.725513 0.236457 0.458172 -0.183306 0.649706 0.126762 0.657621 0.668713 -0.10819 -0.0337688 1.8224 1.27782 0.392437 0.0566856 0.504513 0.858499 0.389722 -0.887097 2.39331 3.22104 -2.32802 -0.00320249 -0.0940091 0.739502 0.50761 -1.41891 1.27124 4.09103 -3.24042 -0.973042 0.609838 0.72394 0.110461 -1.51324 -0.735816 4.86504 -0.673699 -0.326318 0.0788442 0.96911 0.391867 -1.66806 -1.54691 4.08585 0.158044 -1.61157 0.518613 0.100544 0.823093 0.398409 0.333613 1.97627 1.00233 0.161962 -0.0249536 0.144261 0.368927 0.875509 0.361878 0.0190932 0.752897 0.734428 0.407714 0.189428 0.138888 0.0991808 -0.426748 -0.366676 0.175349 0.365138 0.567011 0.107107 0.0871738 -0.40539 1.62396 2.12025 -0.95511 0.494534 0.3649 0.80207 -0.0166767 -1.64334 1.48165 3.79992 -2.96609 -0.776308 0.273941 0.820164 0.31183 -0.994 -0.35238 4.33796 -3.02465 -1.11179 -0.125326 0.24303 0.182789 -1.84462 -2.21302 6.54675 -0.315788 -0.854215 0.0259639 0.12087 0.318574 -0.809335 -2.62388 3.18996 1.18945 -2.18368 0.599319 0.140691 0.460798 0.499251 -0.297403 1.07035 0.844195 -0.19204 0.816558 0.674093 0.182213 0.949289 0.483583 0.410266 0.0733134 0.332157 0.155519 0.333323 0.638295 0.623872 0.610212 0.202507 0.48742 0.153256 0.429434 0.745402 0.713011 0.0698036 0.888741 2.02208 -0.358794 0.523947 0.861901 0.782813 0.0301357 -0.794391 1.02957 2.57662 -1.8797 -0.00872316 -0.128171 0.182778 0.595013 -0.257793 -0.322137 3.48835 -2.09349 -0.805239 0.475394 0.441902 0.404707 -0.963951 -1.4432 4.05032 -0.27953 -0.695163 0.665688 0.226318 0.0925441 -0.34851 -1.31169 2.97527 0.758286 -0.866268 0.277213 0.0800472 1.07762 0.0916532 0.565256 1.59238 1.11664 -0.261694 0.400065 0.437757 0.629523 0.110678 0.33032 0.305897 0.523187 0.605469 0.766637 0.195166 0.0662412 -0.0348599 0.112132 0.0244764 -0.0395469 0.063804 0.609798 0.481102 0.690045 -0.348217 1.74857 1.52392 -0.430451 0.843975 0.219546 0.890655 0.0783576 -1.1076 1.90911 3.4553 -2.21967 -0.229308 0.724192 0.105296 0.43361 -1.51811 0.418821 3.49218 -1.82894 -0.926949 0.397531 0.772989 0.148508 -1.50261 -0.858788 4.20146 -0.407744 -0.267809 0.138163 0.945656 0.848402 -0.927344 -1.13142 2.92462 0.360202 -0.73897 0.12977 0.759077 1.07222 0.766546 0.227994 1.52795 0.463129 -0.180142 0.775265 0.464583 0.623603 0.623652 0.147199 0.268807 0.135053 0.917721 0.16723 0.991821 0.777685 0.286715 0.020779 -0.211317 0.229133 0.119236 0.973415 0.723491 0.0844134 0.172923 1.41254 1.13129 -0.143485 0.649939 0.292137 0.721019 -0.464784 -1.54778 1.83256 3.01414 -2.92203 -0.298203 0.642159 0.3675 0.579214 -1.58801 1.29472 4.09539 -2.62599 -0.923253 0.379782 0.213276 0.702374 -1.54082 -1.0855 5.20411 -0.81711 -1.02069 -0.0306518 0.428049 0.0683967 -0.875394 -1.64717 4.06249 0.718043 -1.57895 0.00237109 0.521476 0.447695 0.698269 0.268059 1.55657 1.06187 -0.233325 0.239364 0.283822 0.57612 0.251683 0.618397 -0.0077654 0.0640409 0.108535 0.784733 
1024 1
0.440016 0.621046 0.930805 0.487531 -0.260128 0.819547 0.863137 0.88565 0.377903 0.263788 2.36634 0.565495 -1.48833 0.0908389 1.35032 0.447788 0.388231 1.04923 2.72328 1.81049 1.40762 1.79037 1.3515 0.552695 0.249155 0.288197 0.763884 0.241981 0.616836 0.167708 -0.0866303 0.589203 0.225645 0.654424 -0.696592 -2.37523 -0.724267 0.711109 0.810804 0.288716 0.349497 0.0916979 0.0388171 0.685393 -0.20828 0.866127 1.50665 0.73501 0.20337 0.416581 0.9308 2.1624 1.66382 2.62559 0.856019 0.189641 0.924833 0.399789 0.268536 0.070352 0.458332 0.732682 0.579567 0.548952 0.756584 0.944026 0.872783 -0.203125 -0.351821 0.20315 0.367522 0.211322 0.842462 0.631704 2.23352 -0.149639 -2.55786 -0.503933 0.828564 0.318392 0.448003 1.1998 4.35971 3.1148 2.18083 1.09808 2.81253 1.4426 0.527869 0.0454349 0.0976771 0.662958 1.38031 1.04311 -0.698414 0.733594 0.774432 -0.00682067 -1.38005 -3.89155 -2.88851 0.811636 1.38511 -0.375247 0.837857 -0.000483771 0.341276 0.180413 -1.85302 0.519843 2.59707 -0.132026 0.153232 0.342564 0.803196 3.16735 2.70471 3.24007 0.920009 0.562938 0.916868 0.506024 0.418164 0.0456294 0.809249 1.01279 0.126818 0.883953 0.658345 0.595543 0.491236 0.579062 -0.242066 0.285368 0.162381 0.316433 0.0259992 0.872902 3.01779 0.0401386 -2.30913 0.501006 1.53573 0.26708 1.00087 1.47123 2.88272 2.14467 1.42989 1.72848 1.36554 1.47665 0.488493 0.0609533 0.316547 0.550138 1.03788 0.44698 -0.529626 -0.0186997 0.328877 0.441515 -1.28141 -3.18718 -1.23389 0.812007 1.07257 0.71679 0.559851 0.135455 0.239565 -4.0331e-05 -0.99496 1.45187 1.39725 -0.162373 0.21037 0.527448 0.746435 2.2653 2.8544 3.11407 0.350048 0.0352845 0.289224 0.807012 0.985321 0.826524 0.573539 0.736054 0.167941 0.723209 0.362041 0.927508 0.843283 0.00464459 0.404933 0.181705 0.289241 0.065356 0.331279 0.503898 3.891 0.519557 -3.77146 0.0847001 1.68098 0.152876 0.647554 0.76856 4.47247 3.15656 2.70408 1.75257 2.47391 1.70723 0.903363 0.122539 0.277252 -0.221573 0.938334 0.77393 -0.910413 -0.0347706 0.8561 0.14403 -1.74746 -3.98094 -2.51671 1.6316 1.91605 0.210957 0.676147 0.883913 0.3637 0.539505 -1.7666 0.493093 2.20003 0.642929 0.716451 0.956632 1.3619 3.44237 3.56893 3.84736 1.29991 0.370664 0.571215 0.714679 0.714531 0.0999137 0.80376 0.660304 0.505898 0.487729 0.584521 0.793486 0.471753 0.0774408 0.195888 0.0189723 0.308171 0.823929 0.65901 0.559151 2.48687 -0.210751 -2.03231 -0.593649 1.59176 0.176873 0.475359 1.38268 4.00666 2.46307 1.78838 1.55317 2.13465 1.28407 0.0595515 0.430863 0.118907 1.1575 1.90081 1.16142 -0.807788 0.0609677 0.829644 0.532622 -1.88633 -3.01895 -2.34811 1.61376 0.852013 0.0515678 0.822559 0.371846 0.516 -0.229348 -1.28046 0.882076 1.7264 -0.124551 0.513165 0.100993 1.15426 2.58951 2.29685 3.22931 0.960139 0.0894772 0.792169 0.142489 0.879104 0.0907983 0.802373 0.363131 0.534559 0.110951 0.542528 0.534993 0.0850289 0.308959 -0.0633209 0.753534 0.236772 0.457159 0.420738 0.434858 2.93196 0.433681 -2.7122 -0.450815 1.20117 0.282078 0.0750202 0.965546 3.68523 2.29767 1.55273 1.02769 1.84264 1.29276 0.729707 0.464103 0.345 0.267546 0.810295 0.660001 -0.834072 0.608883 0.205509 -0.105013 -2.01572 -3.57035 -2.46439 1.02887 1.51441 0.374735 0.175289 0.12788 0.817184 0.507704 -1.4223 0.041173 2.40505 0.682523 0.942566 0.931578 0.869205 2.42457 3.39642 2.75984 0.71425 0.499838 0.481307 0.500727 0.24478 0.510536 0.394193 0.36672 0.10568 0.0173639 0.95291 0.00707916 0.32363 -0.148814 0.299593 0.509096 0.649445 0.330325 0.515471 1.02976 2.07061 0.496565 -2.04033 -0.0472871 0.688329 0.633804 0.542915 0.69111 3.33307 2.35157 1.39184 0.545028 2.73003 1.31868 0.196388 0.473228 0.490926 0.920837 1.49745 0.724286 -0.585354 0.132156 0.456141 0.679179 -0.785258 -2.86741 -1.60753 0.962473 1.0001 0.504003 0.372265 0.153474 0.548316 -0.0575299 -1.16692 0.481517 2.21886 0.378089 0.846221 0.926387 0.502342 2.47378 2.78557 2.7963 0.937788 0.55857 0.667959 0.702705 0.0704805 0.566709 1.02902 0.530485 0.563949 0.136122 0.0324107 0.553725 -0.0373587 0.443007 0.421573 0.437347 0.576622 0.308856 0.352259 0.573624 1.75717 -0.413616 -1.91866 -0.23105 0.429383 0.100406 0.468223 0.623703 2.41836 2.0931 1.37814 0.869441 1.6677 1.20263 0.236708 -0.0625988 0.235287 0.323317 1.01738 1.3845 -0.240253 0.127538 0.541348 0.0407384 -1.58418 -2.38656 -1.79678 1.93532 0.469207 0.0677934 0.576306 0.0196661 0.73411 0.484137 -0.79138 0.982641 1.67233 0.441047 0.566033 0.0538785 0.843343 2.23026 2.535 1.81011 1.58496 -0.135752 0.881466 0.159573 0.126599 0.9814 0.528545 0.209938 0.780015 0.894543 0.497909 0.0345782 0.688287 0.12593 0.597211 0.317065 0.546714 0.757518 0.828946 0.487143 1.52287 0.403687 -1.39027 0.0829332 0.648719 0.0547206 0.93956 0.394545 1.65082 1.04557 1.402 0.452227 1.64836 1.48394 0.133026 0.454591 -0.00619819 0.0952161 1.08323 1.25794 0.077837 0.639687 0.943338 0.581552 -0.640674 -1.76718 -0.532319 1.28145 0.759619 0.00211388 0.436356 0.75851 0.261543 0.804536 -0.737063 0.386179 0.792181 0.768858 0.943794 0.800304 0.581795 1.43117 1.6495 1.58764 0.565021 0.353203 0.151036 0.784919 0.667405 0.926408 0.305136 0.288797 0.115571 0.220624 0.566149 0.790686 0.273101 0.778122 0.281129 0.563407 0.62832 0.541898 0.354867 0.307789 0.946434 0.163449 -0.551932 0.594416 0.869027 0.199813 0.554053 0.411142 1.82795 1.35966 0.626297 0.883028 1.51504 0.669494 0.661652 0.280022 0.367628 0.793752 0.348696 0.426855 0.153821 0.563146 0.614744 0.360853 -0.0276425 -0.353353 -0.366331 0.295742 1.02888 0.0581423 0.108376 0.887359 0.290169 0.68353 -0.485656 0.252396 1.12814 0.0818873 0.321197 0.130631 0.841398 0.812562 1.72335 1.69005 1.02557 0.488231 0.00604266 0.989668 0.463153 0.149031 0.222667 0.177192 0.414923 0.541552 0.953917 0.669653 0.0917601 -0.247852 0.126049 -0.214789 0.350552 0.0269087 0.837614 0.513089 3.39938 0.328813 -3.34894 -0.295998 1.04213 0.923688 0.410353 0.766537 4.00449 3.61791 2.01977 1.73615 3.07712 2.02252 0.0945614 0.275519 -0.395787 -0.00419353 1.33718 1.35222 -0.549433 -0.0797374 0.0142813 -0.279852 -1.79299 -3.66293 -3.27406 1.51052 1.4029 -0.0119507 0.236113 0.353259 0.505429 0.199984 -2.01686 0.538499 2.19013 0.139022 0.539906 0.517397 0.660265 2.93387 3.43086 3.0359 1.2788 0.0504146 0.475784 0.686127 0.776191 0.895803 0.775719 0.884664 0.0267597 0.782917 0.878018 0.0333998 0.45082 0.168861 -0.180091 0.767619 0.783648 0.0781806 0.669184 0.809797 2.08818 -0.158439 -2.40296 -0.704694 1.20167 0.880185 0.0844412 1.0197 3.26292 2.56423 1.40929 2.18053 2.6842 1.11945 0.229124 0.0250344 1.40514 1.64127 1.42867 0.409549 -0.0464804 0.671324 0.137374 0.229631 -2.15374 -3.25883 -1.90659 0.952097 0.965813 0.131073 -0.0135626 0.874244 -0.111808 -0.0956582 -1.1232 0.373863 1.63234 0.0651921 0.942046 0.947599 1.32641 3.37499 2.03112 2.52445 1.0397 -0.0305483 0.0894803 0.287348 0.366489 0.777126 0.63073 0.501914 0.831863 0.377722 0.0552385 0.717484 0.371304 0.56586 0.154417 -0.232483 0.431621 0.0608046 0.767214 0.632649 3.38628 1.20792 -2.27707 -0.00756527 1.58271 0.580351 0.671932 0.670519 3.41556 2.60156 1.98382 1.46803 2.2956 1.07099 0.331089 0.0675674 -0.149966 -0.134182 0.913772 1.15053 -0.244657 0.507005 0.427233 0.45983 -1.69016 -3.60079 -2.11641 1.60689 1.24679 -0.0105458 0.0290748 0.432789 0.435485 0.778041 -1.43751 0.341348 1.92412 0.346557 0.369517 0.883969 1.31469 2.90228 3.57131 3.131 1.2067 0.0170559 0.876522 0.703313 0.50615 0.0459293 0.173765 1.0904 0.184831 0.249239 0.702445 0.0819735 0.16571 0.0445709 -0.169433 0.659129 0.390978 0.840064 0.525539 0.981685 1.77925 0.234818 -1.00805 -0.130338 0.961106 0.585324 0.770537 0.598478 2.46392 1.83033 1.568 1.60005 1.30938 1.37136 0.187213 0.329769 0.614242 0.713485 0.906067 0.182404 -0.476654 0.709045 0.863374 0.310847 -1.02692 -1.83662 -1.78817 1.43243 0.909876 0.56937 0.492651 0.521228 0.405438 -0.0668212 -1.06183 0.784912 1.751 0.0141074 0.163745 0.309332 1.32018 2.20317 2.48002 2.48418 0.406399 0.649286 0.366131 0.348141 0.948593 0.408981 0.371249 0.989871 0.922651 0.82804 0.536332 0.969025 0.00633366 0.474411 -0.0390487 0.801104 0.162175 0.781076 0.856871 0.726065 2.23305 0.237214 -1.30965 -0.102978 1.22559 0.404027 0.470232 0.445287 2.49344 1.5479 1.71952 1.64618 1.91586 1.19527 0.06931 0.620891 -0.0931966 0.89199 0.541132 0.148037 -0.267666 -0.0409642 0.900996 0.316284 -1.31269 -2.76681 -1.64007 0.83783 0.65761 0.717632 0.0379214 0.182545 0.317962 0.150138 -0.632147 0.654215 1.43276 0.735773 0.166685 0.690385 0.727196 2.35528 2.62992 2.88996 0.354044 0.915278 0.587664 0.133003 0.966953 0.107144 0.588187 0.102578 0.424297 0.0398935 0.773766 0.733515 0.0571104 0.574201 -0.218889 0.830676 0.82498 0.748991 0.159295 0.232007 1.13736 -0.829654 -2.13622 -0.4079 0.90905 0.685785 0.365796 1.38339 3.23977 2.09135 1.28487 1.97061 2.05486 1.00655 0.761018 -0.118797 1.31594 1.61251 1.70337 0.821554 -0.170461 0.314907 0.514718 -0.331421 -2.19129 -3.10257 -1.40036 1.56797 0.644671 0.0728918 0.817962 -0.0753723 0.039531 -0.807228 -1.85741 0.953257 1.10861 0.263097 0.720006 0.00877132 0.810156 3.11868 2.54557 2.23058 0.807929 0.119769 0.0703452 0.470516 0.31453 0.81531 0.733152 0.866663 0.519273 0.312831 
1024 1
0.131504 0.225192 0.637326 0.719282 -0.381751 0.185493 0.86286 0.109179 0.342605 1.09146 1.14974 1.05184 1.29172 0.386666 0.580553 0.779491 0.599808 0.909944 1.06977 -0.774247 -0.894359 1.10976 0.488608 0.133085 0.546644 0.423152 -0.278881 -0.764552 0.572458 1.17946 0.105987 0.49511 0.175516 0.242897 -0.591756 -0.0164899 1.2245 0.165494 -0.413712 -0.0463602 0.503823 1.0327 0.265579 0.175178 0.380057 1.05193 0.125552 0.597792 0.665777 0.706542 0.215185 1.52461 0.930086 0.656 0.352649 0.680189 0.843593 0.271471 0.263882 0.708852 0.852717 0.901737 0.605997 0.576546 0.82638 0.788753 0.715719 -0.0195947 -0.366394 0.485899 0.385516 0.726659 0.806125 0.868648 1.23366 1.77747 1.52019 0.343234 0.559379 0.574668 0.666196 1.81072 1.41633 -2.03287 -1.36384 2.11651 0.729388 0.836271 0.196336 0.540233 -0.361444 -1.40692 -0.322543 0.793437 -0.362258 0.42984 0.838904 0.63964 -1.25042 -1.32241 2.27503 -0.21895 -0.562041 0.551086 0.229936 0.698057 0.457683 -1.03033 -0.477709 1.91982 -0.441782 0.128259 0.345341 0.80879 1.19451 1.37021 2.43892 1.81437 0.244932 0.594348 0.436567 0.949774 0.575272 0.574359 0.245492 0.816743 0.509443 0.254327 0.575182 0.276562 0.797968 -0.00895237 -0.167873 0.617836 0.933005 0.967473 0.46402 1.0365 1.24359 1.62954 1.23718 0.836847 -0.0729525 0.350301 0.702879 1.70653 1.41363 -1.8391 -1.18104 0.891615 0.806674 0.846007 0.989553 0.398403 -0.690804 -0.606793 0.176247 1.37158 0.327987 0.580035 0.972135 0.701342 -1.37735 -0.60115 1.73938 0.763409 -0.783398 0.650578 0.650203 1.11057 0.275532 -0.567223 0.128693 1.71039 -0.0782015 0.306902 0.601202 0.770513 0.828864 1.41493 0.837564 0.651394 0.307565 0.212746 0.878628 0.416504 0.513468 0.594683 0.249173 0.683046 0.600057 0.279915 0.594684 0.0373712 0.775594 0.063512 -0.519493 -0.399373 0.514095 0.695617 0.70984 1.25939 1.40315 2.46185 2.16277 0.0722172 -0.0558678 0.83688 0.246373 1.87441 1.16881 -2.44391 -1.82992 2.57835 0.462035 0.558796 0.711637 -0.00663357 -1.05803 -0.470942 -0.0213922 0.772152 -0.387912 0.0692796 0.550375 0.611142 -1.4791 -1.46249 2.56605 0.471692 -1.38568 0.0926859 0.946312 0.814205 0.883612 -0.0113985 -0.277259 2.34682 -0.325967 0.202282 0.774619 0.589409 1.01664 1.26379 1.15285 1.22073 0.453692 0.771414 0.699087 0.084181 0.841188 0.457066 0.573625 0.457718 0.730826 0.0748287 0.601672 0.921306 0.113807 -0.00550174 0.475991 -0.258889 0.72961 0.277455 0.435513 0.432292 1.31698 2.24768 0.720229 0.603812 0.277947 0.42045 0.49808 1.58687 1.80169 -1.59456 -0.656592 1.91333 0.387109 0.517731 0.639941 0.317416 -0.970408 -0.960488 -0.393756 0.854312 0.119187 0.597552 0.0431005 -0.164121 -1.21556 -0.173595 1.87861 -0.46236 -1.09961 0.665727 0.726796 0.656643 0.380747 -0.703464 -0.592233 1.60944 -0.512111 0.32783 0.70739 0.684456 0.846042 1.14728 1.87464 1.19371 0.686872 0.430579 0.927213 0.865127 0.823318 0.379764 0.598173 0.304832 0.261645 0.571468 0.813013 0.278527 0.782463 0.559483 0.163122 -0.232174 0.554982 0.577504 0.0732608 1.09376 0.973452 1.75669 1.67001 0.213625 0.375511 0.822869 0.93677 0.947874 1.95908 -1.07383 -1.85087 2.19785 1.12574 0.276424 0.550699 -0.0151139 -0.31532 -0.415132 0.175206 1.13083 0.547889 0.465659 0.406793 0.596682 -0.750225 -0.900184 2.44869 0.0128478 -0.530144 0.582274 0.191778 0.465502 0.578929 -0.87274 -0.764721 1.51697 -0.397592 -0.0976994 0.741706 0.0926064 0.768791 1.87847 1.83555 1.41459 0.569824 0.641394 0.092288 0.170792 0.222171 0.0799884 0.316606 0.538549 0.0498593 0.195829 0.945433 0.957799 0.233414 0.646123 -0.375648 -0.00915337 0.598961 0.961365 0.509274 0.975761 1.39483 1.99741 0.977302 0.015088 0.592825 0.411873 0.735063 0.998411 1.82881 -1.45304 -1.02576 2.18837 0.463665 0.164256 0.72787 0.232745 -0.165741 -0.183916 -0.808104 0.655659 -0.0790612 0.0883242 0.113091 0.371078 -0.680495 -0.501048 2.33463 -0.261907 -0.678429 0.143305 0.965575 0.099982 0.180037 -0.766624 -0.276272 1.52159 -0.0746581 0.180222 0.718962 0.242778 0.811436 1.16999 1.348 1.21892 0.628216 0.359963 0.22367 0.913717 0.302449 0.755331 -0.0331093 -0.0137607 0.451924 0.875507 0.215735 0.309777 0.445952 0.129321 -0.320817 0.459815 0.875564 0.294248 0.167525 0.34784 1.09456 2.23479 1.22335 -0.0932287 0.620458 0.963919 0.449564 0.665016 1.05473 -1.49879 -0.564952 1.4934 0.795687 0.91462 0.947164 0.569065 0.207833 -0.45129 -0.280663 0.0691477 -0.0271691 0.0881882 0.119925 0.271329 -0.560327 -0.324832 2.33755 -0.6849 0.0298895 -0.0394301 0.21763 0.268939 0.395954 -0.0777582 -0.392314 1.27289 0.0705009 0.663903 0.98122 0.132038 0.791528 1.37434 0.962416 1.65397 1.02204 0.126115 0.850612 0.505459 0.826419 0.126101 0.531802 0.119503 0.326468 0.0387365 0.34077 0.183434 0.758493 0.175136 -0.166131 -0.0609993 0.902215 0.941071 0.915474 0.879434 0.449385 1.63033 0.862748 0.0929363 0.734767 0.747895 0.187433 0.975527 1.12343 -0.344748 -0.325469 1.14432 0.43624 0.709648 0.488235 0.420802 -0.214858 -0.0152704 -0.0947332 0.754233 0.578033 0.479598 0.918049 0.0389676 -0.356106 -0.859008 1.57528 -0.10813 -0.158912 0.0116268 0.590085 0.705201 0.474778 -0.493172 0.11149 1.26157 0.0178567 0.291541 0.370094 0.222435 0.507786 0.924917 1.09404 0.57228 0.44633 0.911126 0.00238044 0.859217 0.0593076 0.394893 0.309945 0.771972 0.0297496 0.613912 0.537309 0.928825 0.230087 0.483102 0.426574 -0.104059 0.76397 0.767341 0.188934 0.829721 0.569847 0.812119 1.19254 0.303605 0.606534 0.609714 0.541009 1.04398 1.12012 -0.253612 -0.726943 1.08259 0.402066 0.336102 0.131821 0.233274 0.121763 -0.0821079 0.691422 0.475314 0.705162 0.109106 0.452023 0.604375 -0.303594 -0.0200123 1.26102 0.570377 0.552446 0.0195723 0.244482 0.209617 0.124659 0.0951804 0.278686 0.711684 0.110576 0.73331 0.227406 0.491442 0.907829 0.713257 0.746834 1.01637 0.0888868 0.189932 0.20835 0.386128 0.763557 0.272098 0.193341 0.313025 0.419605 0.0274581 0.522111 0.39804 0.306575 0.57847 -0.0843522 -0.193843 -0.0383643 0.137761 0.901027 0.800391 1.42138 2.04982 1.40971 0.676491 0.239601 0.796252 0.6699 1.50343 1.87381 -1.95452 -2.47902 2.36963 0.784 -0.10614 0.157092 0.0332827 -0.372285 -0.369626 -1.09111 0.884725 -0.421585 -0.11419 0.183915 0.372599 -1.99482 -0.945229 2.93377 -0.570323 -0.820095 -0.198032 0.829851 0.957238 0.096963 -1.15977 -0.577464 1.76154 -0.388096 -0.202422 0.39456 0.383125 0.708332 2.04998 1.18942 1.24322 0.826293 0.869154 0.497787 0.998119 0.200366 0.982247 0.455559 0.507394 0.851092 0.205828 0.512009 0.93512 0.871654 0.271193 0.617911 0.755174 0.62308 0.918647 0.408359 0.391375 1.23663 1.41726 0.432062 0.1403 -0.0829429 0.215655 1.06745 1.97906 1.98462 -1.68317 -0.68069 1.51073 0.897867 0.409619 0.344173 -0.0732869 0.0176258 -1.5327 -0.263755 1.56438 0.31596 -1.75921e-05 0.108126 -0.103506 -1.41917 0.362394 1.77433 -0.0429804 -0.63669 0.57494 0.492384 0.947034 0.325403 -0.899555 0.295012 1.79189 -0.48135 0.524258 0.213965 0.910335 0.993337 1.71335 1.84162 1.78172 0.324476 0.608358 0.399945 0.108479 0.139439 0.198325 0.0985729 -0.036606 0.185677 0.580323 0.223792 0.393113 0.431468 0.503114 -0.455718 -0.356014 0.187991 0.474198 0.66674 1.21941 1.74422 2.38091 1.64673 0.0710889 0.445204 0.0516815 0.766419 1.57039 0.709391 -2.00914 -1.65831 1.33098 0.805192 -0.125004 0.96728 0.755906 -0.119093 -0.584588 -0.227459 0.543163 -0.433131 0.119186 0.667457 0.684516 -0.852971 -1.08427 2.27842 0.66706 -0.867072 -0.0677829 0.930755 0.747605 0.474209 -0.630684 -0.397485 1.20076 0.10198 0.499343 0.527694 0.589262 0.741319 1.5059 1.15323 0.921025 0.721677 0.339993 0.944212 0.628291 0.840391 0.160571 0.600412 0.488753 0.780339 0.0766115 0.874264 0.119478 0.929231 0.904891 0.155085 0.688169 0.815396 0.670442 0.0441716 1.00249 1.31357 1.72559 1.34041 0.855656 0.788507 0.224146 0.479864 0.889158 1.02158 -0.826511 -1.27234 1.17437 0.684332 0.197781 0.813686 0.372457 0.167186 -0.868286 0.265207 0.791791 0.264536 0.35145 0.840528 0.68712 -0.884054 -0.461283 1.24673 0.343694 -0.327238 -0.163489 0.249468 0.537325 0.770105 -0.256396 -0.275411 1.47488 -0.118397 0.64755 0.67679 0.323487 0.763029 0.761371 1.54529 0.985741 0.919795 0.507513 0.65978 0.970252 0.0695219 0.552316 0.605985 0.382381 0.490404 0.122436 0.180212 0.967382 0.816809 0.765932 -0.0610757 -0.0351138 0.952346 0.872038 0.471716 0.869387 1.12769 1.16437 1.53083 0.0689858 -0.0112266 0.937166 0.286483 0.807528 1.37192 -0.968107 -1.04893 1.06685 0.682124 0.496027 0.155959 0.668418 -0.629703 -0.622988 0.303948 0.894295 0.153887 0.537782 0.0844696 0.458262 -0.566399 -0.638344 1.79806 0.560606 0.0544488 0.159209 0.121711 0.632357 0.391465 0.237734 0.480969 1.35876 -0.430178 0.729033 0.503337 0.603466 0.344981 1.65875 1.38801 0.363554 0.70179 0.136094 0.575976 0.0458716 0.0870578 0.612015 0.598173 0.602612 0.674017 0.646003 0.35844 0.283268 0.0436006 0.492775 0.594411 0.307157 0.714403 0.944403 0.334453 0.993965 1.22336 1.4655 0.866165 0.154369 -0.172574 0.0577371 0.764161 1.55597 1.782 -1.91895 -0.731623 1.98447 1.06464 0.539184 0.779781 0.573182 -0.899762 -1.31577 -0.786398 0.791095 0.0592136 0.516072 0.373216 0.162799 -1.48251 -0.0515178 2.15124 0.160856 -0.390765 0.556784 0.696712 0.38319 -0.182723 -1.13654 -0.263714 1.29865 -0.307456 0.432727 0.34888 0.403167 0.693291 1.33446 2.2364 1.35857 0.306739 0.64206 0.222144 0.267761 0.659027 0.0221598 0.359709 0.397021 0.187415 0.0734449 
1024 1
0.125736 0.920375 0.107847 0.673951 0.299168 0.14907 0.616426 0.253595 0.54171 0.939074 -0.101373 -0.920953 -0.300344 1.17569 0.974918 0.870446 0.846128 0.10506 0.639839 0.292146 0.248792 0.489653 0.344794 0.516952 0.971679 0.661007 2.8123 2.16466 1.6946 2.05672 1.08948 0.587011 0.182782 0.97276 2.26714 0.389544 -0.15803 1.53784 0.618236 0.273559 0.640287 0.780983 0.384375 0.287369 -1.88017 0.758691 0.990189 1.22413 0.0559588 0.303979 0.923046 0.555984 -0.927568 -0.0265351 0.705548 0.462113 0.627552 0.54806 0.0461703 0.977026 0.428725 0.87785 0.401855 0.341657 0.698904 0.223312 0.859078 0.343113 -0.0534699 -0.097688 0.680296 0.663548 0.504802 0.58564 0.332526 -0.859949 -1.45195 0.932147 0.608368 0.149885 0.388626 0.338789 -0.173255 -1.2817 -0.594911 -0.360239 -0.302209 0.160749 0.49288 0.668262 3.71866 4.28858 3.91022 2.78152 2.01032 0.0147964 0.467598 1.06382 2.77831 1.62027 -0.784604 3.16314 -0.0808486 0.567331 0.0930185 0.500159 0.0187919 -0.768342 -3.23811 1.07769 1.68634 0.774683 0.965363 0.102766 0.681303 -0.351979 -2.61956 -1.63115 1.80758 0.95976 0.321482 0.298468 0.0107117 0.224036 0.438318 0.10273 0.146455 0.865985 0.794733 0.054966 0.802904 0.122328 -0.205106 0.623852 0.463281 0.539334 0.121643 0.0372973 0.050419 -1.61005 -0.97726 0.914993 0.675596 0.20348 0.370682 0.00258435 0.534201 -0.117955 -0.584661 -0.162363 0.186177 0.0710571 0.623921 1.12073 2.99201 2.81827 2.28246 2.27223 1.26941 0.373689 0.675302 1.33479 2.4325 0.340085 0.411709 3.15063 -0.201497 0.24466 0.720107 0.739311 0.438648 -0.937818 -2.40785 0.722751 1.15154 0.602976 0.919864 0.359295 0.38802 0.24734 -1.39681 0.131912 1.17525 0.726773 0.333262 0.431346 0.831924 -0.0118377 0.127282 0.438101 0.806741 0.574278 0.630024 0.75058 0.905171 0.316349 0.0432349 0.280919 0.0237342 0.747577 0.797721 0.0611981 -0.25242 -1.67362 -1.81369 0.922929 0.780099 0.864829 0.38708 0.19029 0.242218 -0.105229 -1.00358 -0.288583 -0.633476 0.405322 0.155566 0.686518 3.96318 4.53125 3.65082 3.5488 1.50211 0.0621386 0.807157 0.90513 2.94756 2.45141 -1.02781 3.85693 0.122698 0.0755242 0.682322 0.657498 0.447849 -1.36642 -4.45894 1.43308 2.67774 1.25465 0.260608 1.00512 0.870279 0.631062 -2.166 -1.56842 1.5885 1.44093 0.192145 0.358791 0.254376 0.933729 0.0197171 0.714078 0.216046 0.903683 0.921598 0.141852 0.502373 0.627356 0.509558 0.0646996 0.904593 0.652059 0.442404 0.336534 0.50367 -1.11214 -1.10971 1.28753 0.419164 0.420083 0.513368 0.437553 -0.555621 -0.394787 -0.589592 -0.330375 0.245639 -0.0459906 0.346646 1.36243 2.7432 3.20761 3.38471 2.99453 1.48086 0.432153 0.3211 0.480154 2.74888 1.77316 -0.487492 3.36686 0.0734114 -0.115833 0.605202 0.561954 0.398313 -0.649138 -2.53568 1.24173 2.13588 0.520121 0.829479 0.603292 1.08965 0.225826 -2.64048 -1.24417 1.9567 1.51536 0.927488 0.992855 0.547859 0.290582 0.650083 0.195875 0.742387 0.770866 0.886227 0.617912 0.73179 0.0148331 -0.249001 -0.0560034 0.14337 0.119204 0.451064 0.0726892 0.0196563 -0.633661 -1.75252 0.668234 0.752207 0.669 0.362059 0.340792 0.00642454 -0.585722 -0.474038 -0.35636 0.180138 0.0630137 1.00112 1.11681 2.98616 3.69168 3.25061 3.35428 1.03029 0.156414 0.169078 0.987815 2.75688 1.85134 -0.322992 3.02265 0.574091 -0.103914 0.679676 0.896913 0.521141 -0.570908 -3.1714 0.734894 1.40055 0.492261 0.968688 0.0334103 0.78048 -0.266849 -1.97249 -1.41638 1.31691 0.957535 0.0685141 0.745725 0.482899 0.773074 -0.0787905 0.14648 0.251389 0.614689 0.240669 1.0025 0.888841 0.183987 -0.356338 0.0402031 0.291415 0.513426 0.73425 0.955531 0.356109 -0.426585 -1.10457 0.444201 0.804571 0.922427 0.00942338 0.325732 -0.0811908 -1.01709 -0.901326 -0.230733 -0.191066 0.211329 0.381915 0.936826 2.95047 2.72032 2.919 3.00584 1.53391 0.327501 0.832644 0.230823 2.87633 2.15007 -0.235089 3.20878 0.698323 0.376896 0.532185 0.699386 0.735143 0.134925 -1.97734 1.1627 1.29023 0.645619 0.519534 0.83335 0.745519 0.716485 -1.5407 -1.23599 1.81259 0.9088 0.644612 0.52944 0.313724 0.571073 0.095783 0.409467 0.0861511 0.353294 0.201788 0.673926 1.03102 0.199894 0.153994 0.558447 0.384546 0.70019 0.690745 0.464912 0.312514 -0.426677 -0.872918 0.401976 0.309406 0.971987 0.0558226 0.833017 0.360558 0.418267 -0.0332043 -0.0726393 0.178631 0.0815348 0.280415 0.708836 3.19209 1.94879 2.77569 2.40713 0.640397 0.705227 0.260387 0.242442 2.20525 1.6696 -0.282143 2.78048 0.277661 -0.031487 0.332411 0.565477 0.480533 -0.685375 -1.40352 1.15946 1.87527 0.855505 0.824189 0.942746 0.927807 0.181071 -1.02733 -0.588345 1.08137 1.52584 0.184973 0.756177 0.813132 0.410955 0.168742 0.466848 0.11561 0.422688 0.486373 0.427746 0.554235 0.004609 0.73047 0.0980357 0.983308 0.045255 0.232931 0.31271 0.831757 -0.00180605 -0.903129 0.551987 0.693133 0.132415 0.585564 0.327829 0.398554 -0.0320112 -0.228872 -0.277612 0.28201 0.770414 0.964241 1.20349 1.66705 2.16281 2.01599 1.46835 1.20096 0.47841 0.949846 0.481345 1.92781 1.57517 -0.174516 2.24681 -0.00246677 0.649935 0.723302 0.443325 0.444308 0.0236389 -1.51623 1.29216 1.32671 0.38292 0.724199 0.871845 0.968954 0.453289 -1.17265 -0.526594 1.23793 0.884161 0.719016 0.337964 0.235574 0.495981 0.429988 0.121709 0.695536 0.74339 0.311197 0.660184 0.427734 0.474366 0.711562 0.240073 0.120357 0.413277 0.758713 0.957529 0.0885494 0.13928 -0.395467 0.920569 0.527091 0.199389 0.194172 0.20412 0.69882 0.383759 -0.257427 0.359502 0.553707 0.164484 0.221563 0.439002 1.64661 0.982106 1.44675 0.917667 0.916221 0.264127 0.844021 0.246609 1.25509 1.23321 -0.0436837 0.942663 0.199837 0.12646 0.863939 0.921822 0.195332 0.621752 -0.302716 1.07226 0.958035 0.42413 0.561382 0.5715 0.939137 0.148122 0.0383637 0.158304 0.324118 0.64844 0.775933 0.686974 0.349616 0.530399 0.761538 0.765519 0.679589 0.74878 0.393048 0.23188 0.182576 0.133651 -0.360036 0.563059 0.342325 0.170126 0.170268 0.674846 -0.216994 -2.1746 -2.11976 1.19983 0.368212 0.471015 0.959796 -0.0573701 -0.514366 -0.939411 -0.878693 -0.35645 -0.814348 0.218794 0.353618 1.1233 4.69356 3.99414 3.42896 3.58963 1.38728 0.211005 0.417884 0.428573 2.73383 2.3204 -1.08405 4.14585 -0.0230961 0.212095 0.389399 -0.0581817 0.42439 -0.785734 -4.39649 0.907924 2.01256 0.344134 0.17706 0.539485 0.476538 0.150941 -2.83022 -1.57123 1.91607 1.51712 0.385022 0.715277 0.410377 0.688877 0.326573 0.107845 0.430945 0.370017 0.948759 0.426453 0.537537 0.599752 0.588354 0.791 0.702267 0.179802 0.883251 0.681639 0.0700457 -1.32616 -0.750501 1.14736 0.320358 0.766788 0.491788 0.00211421 -0.251584 -0.513106 -1.27507 -0.545387 0.322224 0.236867 0.0832886 1.51436 2.92205 3.46553 2.72136 2.90128 0.54043 0.0738386 0.644887 0.490062 3.25752 1.33056 0.33457 3.12984 -0.2336 0.131572 0.476404 0.201935 0.77906 -0.533458 -2.40584 1.4952 1.26905 1.11873 0.913813 0.749843 0.654575 -0.200092 -2.57005 -0.795798 1.64353 1.4567 0.0756554 0.834922 0.191452 0.744584 0.36662 -0.140807 0.793842 0.020204 0.69509 0.165597 0.241476 0.121308 -0.0814969 0.247051 0.731233 0.809089 0.787506 0.491535 0.218852 -1.51337 -1.9879 1.38781 1.17716 0.371826 0.894369 0.405222 -0.0574935 -0.605409 -0.117403 -0.560672 0.195289 -0.0849768 0.73842 0.717059 3.69533 4.11964 3.38982 3.31517 1.45859 0.0600985 0.966681 1.12828 2.78215 1.73258 -0.119613 3.54766 0.727205 0.50643 0.805222 0.653742 0.0119509 -0.483553 -3.7566 0.414565 2.29379 0.65756 0.613689 0.590235 0.703632 -0.00533111 -2.25301 -1.10025 1.37469 1.16902 0.877102 0.958278 0.963319 0.896275 0.204595 0.756707 0.145192 0.645038 0.848842 0.747495 0.959914 0.995867 -0.281373 0.786776 0.486705 0.921699 0.299152 0.606696 0.591982 -1.12706 -0.426881 0.797888 0.265607 0.105377 0.735667 -0.100689 0.0439411 -0.4635 -0.590916 -0.207551 -0.427894 0.432335 0.064862 0.938256 2.41592 2.39613 2.48937 1.8265 1.01996 0.704669 0.376925 0.706731 1.67821 0.693611 -0.272531 2.41102 0.343051 0.238392 0.486443 0.837607 0.608538 0.117029 -1.46781 1.00542 1.07399 0.486731 0.617637 0.138993 0.156429 0.448155 -1.65734 -0.602889 0.993746 1.30663 0.318613 0.497158 0.474311 0.823502 0.540206 0.131973 0.318302 0.654429 0.126835 0.0594645 0.370486 0.768741 -0.215704 0.77425 0.505295 0.883955 0.314432 0.91834 -0.148945 -1.07683 -0.991907 0.778367 1.10707 0.251235 0.11106 0.341421 -0.281546 0.200766 0.338091 0.295829 0.237591 0.685719 0.373574 0.947129 2.75157 3.24797 2.64671 2.76699 1.54046 0.33011 0.326373 0.830901 2.48667 0.4529 0.0488047 1.87322 0.0138809 0.255022 0.185427 0.807615 0.365497 -0.245267 -2.13943 0.488655 1.37619 0.555332 0.767776 0.837255 0.417022 -0.353204 -1.00752 -0.634049 0.965064 0.689278 0.429548 0.363817 -0.00419975 0.743996 0.798151 0.917489 0.695639 0.990318 0.745872 0.424084 0.259495 0.648642 0.567581 0.828945 0.838357 0.560511 0.243143 0.452197 -0.0277373 -0.441434 -1.01561 0.923982 0.365194 0.632277 0.613051 -0.115126 -0.592935 -0.52468 -0.365472 -0.5195 0.298238 0.57315 0.422259 0.942148 3.0766 2.56853 2.36112 2.97172 1.10881 0.444771 0.797533 0.581019 3.08655 1.38879 0.690404 3.02964 0.448263 0.15511 0.0536696 0.018867 0.617326 -0.386057 -1.72323 2.00577 1.01167 0.707413 0.405647 0.666914 0.574394 -0.659205 -2.09939 -0.366418 1.78828 1.35835 0.739158 0.970309 0.283321 0.354291 -0.223328 0.356916 0.108889 0.0709127 
1024 1
0.422681 0.699592 0.15832 0.328043 0.71515 0.62739 0.0695125 0.317339 0.985506 0.216472 1.63846 2.42743 1.0477 2.00063 0.573995 0.642844 0.353862 1.09668 0.937586 -0.850955 -0.831145 0.608657 1.46865 0.590301 0.476217 0.450687 -0.224113 0.0995247 -1.39189 0.922506 0.657903 0.286532 0.222749 0.712548 1.64893 3.14817 1.0806 -1.19538 -0.774905 0.243633 0.77408 0.6364 0.675299 0.683749 0.82904 -0.00141493 0.532941 1.08574 0.375232 0.101559 1.32026 1.13578 0.119408 0.757774 0.856531 0.935769 0.276742 0.229208 0.629389 0.926722 0.194514 0.651608 0.938696 0.830158 0.374157 0.24288 0.0602072 0.896713 0.580864 0.387255 0.17183 0.0187396 0.947786 0.210825 2.27885 3.17494 2.26143 2.25244 1.06725 0.897121 0.892673 0.817107 0.71777 -0.805701 -1.54088 1.39557 1.67541 1.11416 0.354005 0.534763 -0.785936 -1.03135 -2.14147 1.44054 0.964105 0.60188 0.609305 0.641805 1.98998 4.58226 1.74587 -0.710019 -2.06045 -0.254482 0.45901 0.00403296 0.223891 0.696174 -0.231247 -0.247145 0.58726 1.18728 0.0146905 0.0929082 0.862118 1.02585 0.995706 1.18563 1.56928 0.875604 0.571642 0.55173 0.759004 0.0885211 0.423943 0.765331 0.0317725 0.700156 0.317026 0.89759 0.336623 -0.019558 0.562947 0.105995 0.697119 0.0306583 0.0347255 0.878318 2.26309 2.24348 1.73008 2.13899 0.768719 0.751302 0.338757 0.553707 0.261705 -0.965687 -1.85236 1.41496 1.15653 0.984427 0.320979 -0.322038 -0.739201 -0.314 -1.21991 1.62588 0.34723 0.737107 0.405394 0.473921 1.64521 3.21013 1.4684 -2.07669 -1.21064 0.491109 0.791649 0.552966 0.71715 0.939744 1.1265 -0.0841428 1.04201 1.12707 0.168308 0.155435 0.671537 0.152639 0.282182 1.02536 0.639201 0.819454 0.653127 0.85156 0.954751 0.0849856 0.239327 -0.00873838 0.749986 0.59151 0.468123 0.0130993 -0.0102399 0.771541 0.0274618 -0.0409454 0.740382 0.217856 0.64906 0.66465 2.5359 3.10028 2.0838 3.05899 1.27306 1.08415 0.284498 0.945898 0.187025 -2.19556 -2.44071 1.01336 1.56404 0.899826 0.148029 0.613657 -0.277942 -1.28158 -2.1919 1.45376 1.11285 -0.0186192 0.580698 0.28694 1.46469 5.31112 1.17739 -2.57635 -2.04467 0.219006 0.925872 0.349396 1.12227 0.617548 1.04542 -0.223119 1.552 1.05243 0.175658 0.156489 1.28934 0.491809 1.11278 1.13934 2.0043 0.705722 0.0504776 0.539214 0.977912 0.627446 0.269114 0.336715 0.939628 0.952986 0.544237 0.441349 0.489172 0.0247508 0.308162 0.901459 0.775896 0.945422 0.696754 0.736163 2.728 2.9313 2.24759 2.04622 1.52037 1.06998 0.81632 0.681669 0.591906 -1.15504 -1.11744 0.866364 1.01656 0.316203 0.122428 0.59417 -0.88205 -1.7587 -2.47604 1.7096 1.34214 -0.0869659 0.615652 -0.293241 1.83429 4.62569 1.98835 -1.09531 -1.91908 -0.226299 0.4858 0.661874 0.38932 0.362855 -0.0229059 -0.228959 0.595731 1.02394 0.881076 0.721563 1.44452 0.958593 1.41199 1.38602 1.9761 0.737028 0.793023 0.525379 0.0823692 0.91386 -0.0273896 -0.0605461 0.974474 0.696575 0.762169 0.528488 0.713004 0.673418 0.660797 0.142844 0.93275 0.0794973 0.580487 0.334019 2.03967 2.85677 1.98376 2.08127 1.68157 0.688444 0.532488 1.03736 0.244918 -1.16228 -1.39572 1.10944 1.97264 0.381314 0.0177082 0.0639338 -0.637331 -0.348836 -2.39375 1.16057 0.957418 -0.129149 0.453216 -0.22505 1.44471 3.88706 1.81841 -0.982234 -1.43368 0.370625 0.670243 0.068147 0.338355 0.747802 0.557538 -0.440762 0.567392 0.84562 0.624448 0.692924 1.27713 0.82246 0.926229 0.815873 1.41851 1.01703 0.410016 0.225637 0.050806 0.667142 0.287689 0.107404 0.69737 0.256108 0.838679 0.126671 0.166849 0.50689 0.38458 0.590871 0.677408 0.984125 0.206237 0.48469 1.4476 2.2272 1.61383 2.0051 0.907587 1.06047 0.519158 0.353024 0.357717 -1.02353 -1.26938 0.529675 1.80975 1.18619 0.115353 0.30059 0.168423 -1.01781 -2.35296 1.24429 0.858021 0.284466 0.574747 0.10185 1.37236 3.63579 1.3318 -0.775639 -0.926466 0.288416 0.0995411 0.504403 0.321758 0.58059 0.716232 -0.293561 0.28517 1.45848 0.248715 0.63832 1.65641 0.977144 0.974254 1.1118 1.94732 1.63051 0.930784 0.549925 0.131084 0.0847806 0.481492 0.685451 0.475792 0.559515 0.9906 0.583326 0.742894 0.514738 -0.186248 0.532073 0.088752 0.525152 0.977918 1.35332 1.25626 1.85376 1.59958 1.61974 0.510445 0.0701043 0.370326 0.550581 0.0181341 -0.864295 -0.504139 0.401385 1.00523 0.417749 0.193232 -0.212979 0.337423 -0.562888 -1.54515 0.845824 0.701317 0.747539 0.931792 0.720576 1.15109 2.44132 0.555035 -0.656424 -0.969615 0.171356 0.949832 0.666949 0.119428 1.00243 0.651467 -0.133715 0.230431 0.978123 0.0955084 0.504354 1.31166 0.586283 0.283643 1.20528 1.81605 0.694082 0.88464 0.912851 0.101342 0.880749 0.532098 0.124239 0.162196 0.0310949 0.934721 0.75098 -0.00886984 0.624691 0.283268 0.723773 0.759974 0.068576 0.797711 0.351337 1.71788 1.06484 1.01688 1.07129 0.695678 0.142305 0.178061 0.602498 0.449232 -0.296852 -0.699972 1.13094 0.974161 0.508988 0.533318 0.0797404 0.117392 0.221053 -1.10772 1.08472 0.883607 0.276688 0.0194572 0.389606 1.3076 2.68857 1.27315 -0.269755 -0.898455 -0.0397486 0.853249 0.338023 0.531091 0.278053 0.970953 0.341175 0.715508 0.814414 0.00622225 0.746669 1.07763 0.577489 0.696269 1.11104 1.19909 0.445532 0.300821 0.221466 0.208453 0.26585 0.728985 0.277305 0.114532 0.602144 0.887814 0.976933 0.78165 0.740934 0.119085 0.554007 0.672535 0.478582 0.0722362 0.0512928 1.20018 1.52793 1.12325 1.04099 1.04116 0.918255 0.532185 0.584969 0.0515497 0.139968 0.214222 0.244642 0.717215 1.06425 0.911875 0.476474 0.464777 -0.190192 -0.752431 0.443751 0.901144 0.737005 0.779866 0.0453895 0.387082 1.84849 0.404616 -0.588948 -0.315838 0.399479 0.977462 0.238714 0.866281 0.206518 0.911585 0.35262 1.05447 0.939367 0.323152 0.373168 0.992744 0.33828 0.676083 0.678753 1.28102 0.395741 0.708701 0.892314 0.22871 0.94418 -0.0291836 0.503489 0.191706 0.699049 0.566729 0.11048 0.546589 0.431414 0.254792 0.785387 0.427961 0.120901 0.70539 0.914577 2.78944 2.92382 2.58775 2.37007 1.61193 0.81366 0.513132 0.390885 0.666328 -1.73988 -2.50724 0.80088 1.1549 0.625087 0.59977 -0.134027 0.0329273 -0.86628 -2.44872 0.89775 0.685881 0.0695306 0.667149 -0.0475618 1.79334 5.11276 1.98543 -1.9263 -2.07828 0.294743 0.957114 0.291886 1.1642 0.309207 0.443951 0.302273 1.55784 1.18713 0.888771 0.934123 1.33568 0.470652 0.72906 0.801212 1.8021 1.17439 0.137516 0.838473 0.431504 0.117237 0.508258 0.574227 0.753433 0.256412 0.188208 0.504541 0.354732 0.231151 0.769965 0.833266 0.974429 0.860039 0.101341 0.706527 2.019 2.35549 1.97393 1.43151 1.22646 0.455165 0.734237 1.2949 0.869249 -0.408832 -1.11768 1.04013 1.77551 0.352986 0.396128 -0.240533 -0.476983 -0.962291 -2.04123 1.07385 1.25657 0.388878 0.697034 -0.00889765 2.58031 3.64413 2.24203 -0.664676 -0.972777 -0.136401 0.96127 0.0946593 0.465646 1.04308 -0.119424 -0.541289 0.675559 0.549251 0.0436908 0.272405 0.907312 0.596599 1.46796 1.04876 2.13165 0.965716 0.116581 0.465922 0.55387 0.507261 0.398571 0.0960411 0.656506 0.689183 0.4691 0.00371966 0.52033 0.382808 0.17778 0.380468 0.981699 0.0627386 0.163016 0.686966 2.2647 2.57818 2.12577 2.35324 1.1523 0.404762 0.283784 1.16032 -0.0304657 -1.7225 -2.23145 1.01284 2.01132 0.962427 0.567303 0.706214 -0.683552 0.0196077 -1.3157 2.0129 0.82897 0.396443 0.289884 0.355179 1.33831 3.77015 1.37773 -2.31342 -1.41791 -0.274919 0.682806 0.79819 1.19037 1.08581 1.12912 0.91097 0.926356 1.00516 0.628735 0.809354 0.60193 0.281751 0.82875 0.663716 0.800851 0.420158 0.675222 0.69345 0.892615 0.331202 0.0546056 0.861055 0.245471 0.931737 0.626148 0.962235 0.100811 0.317484 0.497595 0.900663 0.355394 0.592047 0.297326 0.0723258 1.83519 1.85118 1.59552 1.20646 1.31587 0.146198 0.746971 1.2203 0.900488 -0.285176 -1.14692 0.923706 1.26568 0.917284 0.898218 0.663017 0.0862056 -0.205577 -1.02788 1.12376 1.04447 0.222193 0.44268 0.251305 1.80566 3.37611 0.983486 -0.47055 -1.00943 0.799784 0.221167 0.757927 1.0197 0.802828 0.119857 -0.107393 0.879087 1.10407 0.987477 0.654781 0.884978 0.363132 0.424518 0.648498 1.46176 1.13132 0.342692 0.928579 0.181436 0.279939 0.174723 0.196873 0.394772 0.411861 0.376171 0.226673 0.466537 0.464431 0.414787 0.0913125 0.760337 0.815194 0.406685 0.598221 2.37412 2.09474 1.2066 1.64864 1.48388 0.259043 0.211935 0.866705 0.751085 -0.478508 -0.942512 0.800683 1.37031 0.617326 0.661261 0.446568 -0.260258 0.13271 -1.12838 1.11754 0.164517 0.672745 0.597638 0.00351657 1.44105 2.94622 1.24725 -1.25833 -0.738832 -0.00054475 0.248764 0.133224 0.552147 1.14699 0.499732 0.272915 1.70902 1.60127 0.961613 0.275164 1.22482 0.439396 0.106686 1.04448 0.939142 0.863068 0.14832 0.0866589 0.707522 0.567429 0.21063 0.0354936 0.455254 0.0566521 0.936003 0.148667 0.631832 0.124826 0.742364 0.34236 0.155509 0.595661 0.89669 0.714161 1.75767 2.83782 1.83419 1.9849 1.42255 0.338196 0.274384 1.37624 1.19972 -0.290829 -1.23306 0.645499 1.44723 0.861317 0.639503 -0.0183499 -1.06053 -1.61289 -2.02506 1.02489 0.706718 0.64599 0.738608 -0.0670516 2.44797 4.08031 1.35971 -1.06836 -0.705728 -0.0685049 0.911477 0.300841 0.634152 0.644723 -0.31571 -1.03702 0.0408603 0.83023 0.892401 0.61802 1.01981 0.950006 0.737684 1.15691 1.48041 0.752349 0.621418 0.577524 0.21694 0.901226 -0.0475454 0.653516 0.285785 0.298258 
1024 1
0.0223701 0.574401 -0.0311929 0.732884 0.120755 0.214422 0.0915799 0.299753 0.667878 0.592162 -0.915761 -1.45268 -0.816087 -0.25386 -0.0846725 0.749203 0.0310276 0.469101 -0.0952481 4.0166 2.46292 1.18574 1.06511 0.440937 0.117104 0.526328 0.676334 1.89951 -0.0913041 1.29552 1.56152 0.614875 0.330371 -0.0667768 0.564006 1.30645 -0.148937 -0.70542 0.255292 -0.00790735 0.906023 0.551714 -0.303092 0.276878 -0.285167 -2.70755 -1.0375 0.17327 0.620089 0.993739 0.329508 1.20781 1.85981 0.609917 0.664212 0.314846 0.791223 0.313922 1.00758 0.591578 0.726749 0.529458 0.242543 0.0509493 0.852168 0.857707 0.509346 0.67678 -0.422866 0.374177 0.696294 0.792608 0.129538 0.465151 -1.0734 -2.40478 -2.16002 -1.02699 0.184454 0.410327 0.0644221 -0.0370482 -1.22981 5.19038 4.06654 2.21424 1.19239 0.56852 0.862042 0.379994 1.28589 3.80369 0.845658 1.34369 2.9479 0.790603 0.330946 0.451889 -0.347813 2.27609 -0.808688 -2.29731 -0.181927 0.543883 0.328917 0.146254 -0.882209 0.536504 0.640132 -4.51162 -2.7185 -0.17076 0.489323 0.65752 0.196343 0.388945 2.71846 1.15413 -0.432025 0.413579 0.187048 0.708636 0.825221 0.228263 1.48273 1.95167 0.263132 0.75861 0.142064 0.844472 0.655305 0.494098 0.124831 0.629103 0.48475 0.440501 0.181939 0.284013 -1.59334 -1.67347 -0.723491 -0.638333 0.188986 0.607342 0.473425 -0.0272981 0.294462 4.35885 2.2977 2.28828 1.5328 0.703125 0.164139 -0.0043038 2.00953 1.7658 -0.610839 1.7972 2.19057 0.765524 0.209512 0.462193 -0.500597 1.78515 -0.927914 -1.08274 -0.544566 0.479227 0.860536 0.370825 -0.844311 0.832407 -0.808172 -3.7458 -1.24246 0.700824 0.341056 0.966003 0.408395 0.765757 1.99701 1.25264 0.699371 0.937854 0.838221 0.673309 0.870562 0.916913 1.31607 0.665734 0.448688 0.341252 0.108951 0.887377 0.380499 0.317809 0.0579324 0.0441029 0.460953 0.106549 0.232107 0.01736 -1.46204 -1.75857 -2.22109 -1.53094 -0.237543 0.0214905 0.85386 -0.218196 -0.452502 6.13198 3.28028 2.74634 1.6406 -0.0951703 0.795369 -0.0648193 1.14504 3.65814 0.729525 1.22351 2.40612 1.58653 0.937491 -0.0245466 -0.00856838 2.78783 -0.659178 -2.53407 -0.351214 0.922487 0.662584 0.561119 -0.920577 -0.0542399 0.926628 -4.5354 -2.35771 -0.21455 0.51626 0.884666 0.21441 0.231092 4.73563 1.84556 -0.669844 0.744015 0.274026 0.620053 0.99625 0.540365 1.21764 1.27857 1.00683 0.228546 0.469619 0.838429 0.218261 0.126707 0.0937692 -0.154191 0.226036 0.157758 0.188312 0.0748944 -1.14912 -1.93226 -2.11458 -0.654855 0.203939 0.0896887 0.286689 -0.0181645 0.00251095 5.21535 3.24532 2.58715 1.31491 -0.0205382 0.0425744 0.358146 1.15809 3.44058 0.869935 1.41634 2.28634 1.20496 0.988024 0.700725 -0.42925 2.48712 -1.06038 -1.85834 -0.303344 0.690043 0.368714 0.861152 -0.246997 0.479549 0.163089 -3.75875 -2.39442 0.666578 0.857602 0.892774 0.588508 0.35166 3.03293 0.654805 -0.0482233 0.277611 0.523759 0.46086 0.433568 0.308395 1.71999 1.52248 1.03234 0.346996 0.44084 0.0408001 -0.0336052 0.521012 -0.116873 -0.139903 0.761034 0.458423 0.446114 -0.105946 -0.884382 -1.62711 -1.03931 -0.903922 0.234236 0.491942 0.375271 -0.0829917 0.114577 4.5306 3.50622 1.86661 1.8031 0.37149 0.679161 -0.00304134 1.22376 3.83814 0.438021 1.08051 2.85164 1.0862 0.313854 0.629987 -0.387733 3.03156 -0.737174 -2.3879 -0.152698 0.37753 0.157269 0.811328 -1.05747 0.165952 0.480592 -3.54581 -1.92808 0.502892 0.706284 0.965665 0.39956 0.564791 3.33071 1.66407 -0.480631 -0.11266 0.116703 0.608034 0.919927 0.782331 1.29502 1.30332 0.477231 0.124049 0.739402 0.34841 0.182669 0.554013 0.22144 0.317018 0.666755 0.374141 0.915908 -0.00880269 -0.182365 -1.45351 -1.81485 -0.462312 -0.18582 0.624074 0.201902 0.164818 -0.80202 3.82232 3.4539 2.17956 0.460703 0.410732 0.986968 -0.0603847 0.584309 3.62085 0.180245 1.30614 2.19858 0.996483 0.390787 0.425081 0.20598 2.19304 -0.321553 -1.98119 -0.182645 0.274413 0.664658 0.405682 -0.353077 0.293509 0.929139 -3.2328 -1.49639 0.597027 0.904318 0.575206 0.616704 0.0859637 2.61531 0.425782 0.0882941 0.514875 0.0821863 0.97355 0.760357 0.327517 1.14221 1.88276 0.71125 0.488757 0.58211 0.10576 0.717811 0.0299698 0.133655 0.305898 0.961935 0.770234 -0.00403166 -0.117152 -0.411594 -0.711762 -1.30884 -0.664849 0.33123 0.252233 0.361385 -0.0564272 0.613599 2.71353 2.18055 2.57979 0.73022 -0.131549 0.743514 0.894465 1.10405 2.5322 0.906495 1.30645 2.09749 0.660677 0.175569 0.140331 -0.490808 2.51745 -0.434251 -0.863857 0.609412 0.830179 0.0541423 0.23692 -0.865047 0.417121 0.90344 -2.9674 -0.89163 0.435077 0.793458 0.699512 0.686802 0.14781 3.80479 0.394536 -0.449867 0.756583 0.949492 0.969591 0.680521 0.531258 1.26599 0.958002 0.540146 0.867533 0.685781 0.172115 0.173336 -0.00446551 0.0464438 0.608957 0.167811 0.011439 0.600183 0.367017 -0.594753 -0.987323 -0.17973 -0.0583704 -0.0920201 0.634212 0.947352 0.197103 0.299313 2.57211 2.00925 1.48991 1.18545 -0.0766884 0.231194 -0.017938 0.721172 1.74409 0.182604 0.727286 1.86148 0.543374 0.153599 0.426444 0.150022 1.72671 -0.331409 -0.796069 0.323116 0.164473 0.974701 0.279211 -0.178405 0.0268651 1.27187 -1.32532 -0.720842 -0.0812871 0.21566 0.809508 0.942355 0.284784 1.77041 0.409025 0.367553 0.564173 0.747887 0.508143 0.975723 0.704441 0.660618 0.8042 0.342151 0.188328 0.267159 0.888766 0.377464 0.294221 0.308203 0.659699 0.363122 0.963415 0.124946 0.789868 0.326333 -0.462047 -0.622273 -0.276614 0.480044 0.629267 0.547565 0.891816 0.0079218 1.67815 1.54057 1.43325 1.21047 0.331791 0.226124 0.875879 0.152812 1.9282 0.43582 0.998455 1.27678 1.06742 0.275568 0.337184 0.531474 1.43771 0.146935 -0.183737 0.271352 0.983054 0.582025 0.101143 0.467011 -0.0276558 0.794891 -0.444565 -0.0797971 0.75977 0.512567 0.881824 0.563902 0.793427 1.16779 0.948026 0.467905 0.390504 0.00668355 0.00141003 0.397423 0.511211 1.07368 0.852849 0.99216 0.879258 0.0431227 0.102574 0.707365 0.310373 -0.490534 -0.0163571 0.0514219 0.990498 0.470968 0.258694 -1.12654 -1.90372 -1.57194 -1.62681 -0.395908 0.453371 0.237977 0.31883 -0.266802 5.98443 3.13005 2.92399 1.54204 0.103534 0.000581534 0.573812 1.60473 3.62914 0.100779 2.03853 3.07326 0.972831 0.00058182 0.352592 -0.769632 3.11948 -1.40252 -3.02215 0.0481419 0.446757 0.517829 0.648862 -1.20749 0.544702 0.637627 -4.89187 -2.75723 -0.282226 0.525767 0.387556 0.102127 1.07146 4.80483 1.0641 -0.201118 0.0637466 0.755242 0.361533 0.2512 0.274418 1.98308 1.95006 0.923941 0.868173 0.230415 0.176171 0.392475 0.0899843 0.585235 0.559007 0.356947 0.959508 0.0578756 0.327727 -1.15945 -2.15661 -2.3416 -0.678869 0.499164 0.0779196 0.640361 -0.318444 -0.74793 4.54366 3.83746 2.40967 0.387216 0.475385 0.351165 0.0220884 1.50679 2.85761 0.467249 1.68492 2.12209 0.81869 0.325996 0.867302 -0.247505 2.3762 -0.649183 -0.64177 0.00359774 1.06772 0.95255 0.602642 -0.994361 1.36659 -0.105625 -3.94258 -1.40088 -0.0819435 0.597638 0.305999 0.353672 0.302619 1.64259 -0.60363 -0.0327821 0.419514 0.522782 0.000421268 0.2417 0.571348 1.47437 1.60878 0.826332 0.58256 0.545824 0.946291 0.598239 0.310127 0.0545161 0.429228 0.728389 0.234484 0.77363 0.551719 -1.32509 -1.23829 -1.50304 -0.815636 -0.142011 0.624608 0.843959 0.379363 -0.00217791 5.13005 3.33233 2.16035 1.58056 0.310081 0.544914 0.346929 1.38024 3.84475 0.0767991 1.01934 2.7315 0.813068 0.689764 0.256497 -0.659845 2.26421 -0.878699 -1.98033 -0.841854 0.86063 0.55606 -0.0172288 -0.625343 -0.221484 0.120654 -3.62134 -1.73069 -0.141738 0.569344 0.112483 0.805956 1.07243 3.60405 1.73511 0.463009 0.294114 0.338603 0.830601 0.612141 0.480568 0.798244 1.34774 0.148149 0.949467 0.206183 0.771245 0.486726 -0.101233 -0.147071 0.66493 0.310967 0.681385 0.0346058 0.19769 -0.273751 -1.08338 -0.909575 -0.0452535 -0.252813 0.0650325 0.428331 0.508542 -0.658122 4.03043 2.24527 1.05101 0.665037 0.526915 0.367067 0.114671 1.20376 2.59013 0.306148 0.872802 2.00274 0.877382 0.0774367 0.752956 0.294311 1.79784 -0.259899 -1.13752 -0.191642 0.73845 0.455082 0.262087 -0.277833 0.358949 0.211908 -2.87337 -1.30218 0.549443 0.783084 0.777176 0.490684 0.938713 2.26161 0.520856 0.473097 0.111756 0.732047 0.263752 0.191804 0.962095 1.20931 1.11451 0.762861 0.39851 0.928282 0.493541 0.33772 -0.132003 -0.0994144 0.456651 0.564299 0.664854 0.735642 0.147004 -1.45018 -0.989134 -0.498617 -0.177806 0.292464 0.560431 0.481249 -0.410901 -0.294261 4.02231 2.88763 1.68771 0.845146 0.26213 0.0906338 0.449516 1.4544 2.74083 0.125947 1.1691 1.45571 0.73843 0.940058 0.816933 -0.407091 1.40676 -0.277687 -1.18725 0.232185 0.527106 0.309876 0.49873 -0.79747 0.410428 0.378703 -2.64014 -1.66627 0.67513 0.08049 0.7775 0.548054 0.787987 2.15335 0.924341 0.520406 0.952185 0.732353 0.212176 0.212595 0.11363 1.46805 1.29175 0.982192 0.855467 0.928892 0.468119 0.225963 0.819287 0.570251 0.560659 0.592966 0.0502174 0.287933 0.493991 -0.384452 -1.69118 -2.12024 -1.28879 -0.0941307 0.00201196 0.600234 0.038546 -0.496149 4.61379 3.47155 1.62552 0.854651 0.202325 0.498265 0.0441575 1.96835 3.14811 0.607621 1.55484 2.40422 0.907582 0.255942 0.638731 -0.352253 1.51165 -1.45681 -1.3444 0.702857 0.167006 0.274402 0.184557 -0.45023 0.45378 -0.178706 -3.39357 -1.36095 -0.0270325 0.803326 0.0844646 0.720135 0.55669 1.90446 0.298759 -0.418567 0.112849 0.868892 0.0879571 0.47426 0.74186 2.10996 1.19493 0.768682 0.750069 
1024 1
0.924833 0.543941 0.828437 1.19155 2.79831 1.46379 0.873891 0.203167 0.592478 0.429985 -0.222501 0.521163 1.51718 0.707226 0.372881 0.638247 0.893468 -0.0888902 -0.992672 -0.422821 0.694311 0.115263 0.10659 0.763714 0.870669 0.11714 -0.490796 -1.48563 -0.0546344 1.00972 0.717215 -0.00404512 0.52286 1.46457 0.95969 -0.905402 -0.273858 2.38507 1.40206 0.247974 0.178129 1.25849 2.47784 2.13491 2.05654 1.49055 0.17517 0.436182 0.793259 0.140727 0.0969197 -0.00254974 -1.30876 -1.50586 0.204715 0.936934 0.170873 0.803319 0.127495 0.70867 0.877907 0.384627 0.277091 0.00706738 0.132878 0.0675083 0.561461 1.29383 3.22917 2.07623 0.503418 0.988065 0.0535911 0.681744 -0.397831 -0.0118588 2.59913 0.377931 -0.601566 0.267538 0.923438 -0.184617 -1.63072 -2.2049 1.04605 0.0382839 -0.491083 0.428356 0.981297 0.222861 -1.80272 -2.96603 -0.621059 2.55847 0.232403 0.573683 0.637558 1.26288 1.13409 -2.81885 -1.10747 3.77214 2.41076 -0.272999 0.885132 2.25626 4.37731 3.89826 2.96075 3.57038 -0.364758 0.511008 0.392371 -0.0165137 0.146289 -0.650409 -2.84546 -2.99217 -0.664802 0.454763 0.167669 0.770228 0.0699479 0.167123 -0.0263607 0.703833 0.546914 0.0555564 0.269845 0.889542 1.30642 1.88824 2.86959 0.954235 0.0393298 0.771411 0.574593 0.485204 -1.03413 0.434396 1.96342 0.475822 -0.0164015 0.261669 0.79717 -0.252065 -1.7858 -0.433312 1.00231 0.640548 -0.130571 -0.129375 0.119297 0.650126 -0.902024 -2.98319 0.213204 1.2129 0.857338 -0.176067 0.151116 1.05802 0.787482 -0.822253 -0.0376677 3.26277 1.28968 0.0320955 1.13642 1.23412 3.08287 2.60108 2.29384 1.66212 -0.976742 0.568872 0.44256 0.0588908 0.0294026 -0.888106 -1.21008 -1.27245 -0.438372 0.251865 0.888577 0.900547 0.520768 0.146354 0.561298 0.280525 0.898875 0.826618 0.552538 0.361174 0.802509 2.95795 4.0542 2.10333 0.476076 0.417001 0.562051 -0.207869 -0.819313 0.409213 2.83316 0.142714 -0.250226 0.331891 0.10915 0.121593 -2.55712 -2.23548 1.2283 0.261152 -0.476869 0.290878 0.0543694 0.118915 -1.65554 -4.45572 -0.625475 2.98959 0.980277 -0.292716 0.959734 2.11841 1.50525 -2.15577 -1.03492 3.91206 2.50459 0.108564 1.02494 1.5307 4.89463 3.64205 2.51243 2.65965 -0.701468 -0.24303 0.285444 0.380167 0.305662 -1.01445 -2.81715 -2.66768 -0.163362 0.163801 0.862819 0.606733 0.228699 0.359845 0.309469 0.197971 0.146047 0.742195 0.697745 0.331182 1.06385 1.46635 2.31476 1.52764 0.433415 0.291325 0.923062 -0.0122262 0.0538153 0.925363 2.24765 1.01601 0.165895 0.884952 0.944936 -0.456258 -2.07015 -1.07373 1.03098 -0.142348 -0.853912 0.422508 0.0743127 0.550826 -1.49675 -3.3165 -0.639807 2.32851 0.643452 0.0496691 0.459682 1.14567 0.213888 -2.70984 -1.22808 3.23359 2.18997 0.639045 0.449273 1.44262 4.52338 3.60185 2.79491 3.13364 -0.132415 0.547748 0.76268 0.332537 -0.121571 -0.470367 -2.25717 -2.59925 -0.914431 0.661291 0.119724 0.801287 0.471551 0.0140348 0.710522 0.565359 0.682434 0.734724 0.922239 0.149379 0.94291 1.49977 3.82058 1.18983 0.866709 0.258834 0.0554951 0.562454 -0.268932 -0.0101413 2.15456 1.20464 -0.131782 0.624313 0.902315 0.228507 -1.33622 -1.53215 1.48238 0.653867 -0.831395 0.674286 0.952835 -0.0818627 -1.11694 -2.84943 -0.602825 2.70092 0.693363 0.100345 0.786704 1.58038 0.686627 -1.44581 -0.527972 3.21709 2.00523 -0.0775133 0.255763 1.15182 3.86496 3.57318 2.42407 2.31692 -0.143029 0.139955 0.216413 -0.00925879 0.753449 -0.0734787 -2.60366 -2.28285 -0.238962 0.0662954 0.188635 0.895501 0.00401782 0.814836 0.613381 0.662379 0.345441 0.229478 0.942869 0.664833 0.233294 1.56121 1.92204 1.59014 0.400782 0.685224 0.868104 -0.00219205 0.239625 0.190485 2.88092 1.21292 -0.15086 0.931415 0.0679155 -0.152281 -1.06686 -1.1007 1.54264 0.4031 -0.160242 0.471368 0.971142 0.0981492 -1.2639 -2.12894 -0.5837 1.92629 1.06479 0.274943 0.296726 1.11116 0.542003 -2.43026 -0.898377 3.36472 1.41905 0.198553 0.331482 1.3976 4.21387 2.89752 2.07005 2.75548 -0.388859 -0.159537 0.48809 0.757302 0.433467 -0.17749 -2.29106 -1.73675 -0.630098 0.344318 0.0988189 0.801937 0.0928682 0.973724 0.362363 0.381474 0.499984 0.155105 0.976379 0.227342 0.489502 1.62314 2.71231 0.486371 0.0443614 0.435617 0.760546 -0.152337 -0.148426 0.638041 1.60129 0.213484 0.517732 0.577535 0.0345239 0.504916 -1.12127 -1.32747 1.64725 -0.203098 -0.413491 0.522159 0.907585 -0.100646 -1.45025 -2.71871 0.56191 2.52909 0.194095 0.217316 1.07837 1.63331 0.991472 -1.35393 -0.642712 2.53995 1.24532 0.0993863 0.702015 1.08604 3.33922 1.6104 1.92439 2.00035 0.654376 0.114028 0.919756 0.644722 0.0998204 -0.582962 -1.74066 -0.958488 -0.392011 0.082189 0.379589 0.932234 0.500748 0.192365 0.872994 0.131923 0.00528457 0.939333 0.739586 0.687328 0.324992 1.05679 1.94967 0.664245 0.303404 0.87494 0.644817 0.843095 -0.11537 0.271791 1.02083 1.08859 -0.0772597 0.824622 0.896357 0.362491 -0.35805 -1.14233 0.891671 0.691775 0.280294 -0.0557939 0.0431024 0.466526 -0.207851 -0.74875 -0.35391 1.03522 0.904455 -0.0715504 0.373165 0.679771 0.844068 -0.295773 0.179738 2.05185 1.38954 0.635706 0.116286 0.737462 1.8755 1.6014 0.923883 1.2659 0.196807 0.874455 0.353032 0.100663 0.274659 -0.201276 -1.29096 -0.531467 -0.30515 0.215806 0.0601825 0.199506 0.494759 0.692401 0.495105 0.776453 0.21151 0.509696 0.449263 0.393548 0.350904 0.748906 1.76811 1.30436 0.277075 0.868711 0.918839 0.38747 0.227258 0.274634 0.919624 0.253154 0.0607793 0.527132 0.241559 0.203149 0.0643193 -0.0903226 0.563387 0.845739 0.258285 0.593781 0.154819 0.408101 -0.503898 -0.48223 -0.0297635 0.659442 0.937648 0.252092 0.340544 1.217 0.633299 0.174597 0.044619 1.09978 1.1856 0.492413 0.68825 0.769338 1.18602 1.71318 1.32013 0.841021 -0.135207 0.837393 0.129778 0.111789 0.0117219 0.648651 -0.440844 -0.249427 -0.118489 0.217801 0.669973 0.0150228 0.834342 0.170895 0.0908789 0.685279 0.980619 0.293807 0.82226 0.194755 1.41306 2.752 3.89526 1.35749 0.451586 0.781516 0.48416 0.611661 -1.05544 -0.0331543 2.56576 0.19914 -0.57921 0.918712 0.149582 0.306022 -2.32644 -1.84972 1.92771 -0.112555 -0.550702 0.467846 0.513244 0.587656 -1.87084 -4.19389 -0.963528 3.24359 1.14546 0.0525732 0.510347 1.69903 0.965428 -2.0222 -0.534572 4.49936 2.54477 0.543711 0.219195 1.34137 5.05067 3.14594 2.18551 2.76857 -0.231081 -0.198463 0.0914372 0.114492 0.63463 -0.897811 -2.90131 -2.56387 -0.218288 -0.102152 0.238166 0.290631 0.777482 0.815471 -0.0932833 0.627808 0.652363 0.21761 0.0753502 0.442826 0.940397 1.3096 2.64343 1.19182 -0.0196464 0.479883 0.756852 -0.032135 0.105175 0.920263 2.60337 0.496949 0.325218 0.933004 0.236848 0.0687191 -2.09419 -0.473445 1.03958 0.0697812 -0.535021 0.787498 0.917595 0.182578 -1.20057 -2.61655 0.295022 2.31595 0.152645 0.615576 0.539891 1.54163 -0.0779711 -2.23961 -0.799376 2.72536 1.99113 -0.103782 0.70229 2.1125 4.49816 3.68069 3.7363 2.89926 -0.475022 0.809812 0.580308 0.118873 0.714687 -1.00225 -2.29664 -2.07442 -0.394524 0.12328 0.294168 0.439761 0.103679 0.386083 0.0649515 0.223164 0.119421 0.712876 0.925321 0.986411 1.03384 2.33074 4.02787 1.90856 0.273185 0.327897 0.628997 0.11317 -1.21509 -0.596804 2.36821 0.314554 -0.61197 0.726876 0.589812 -0.352921 -1.55143 -1.27129 1.63656 0.164312 -0.308883 0.345286 0.634525 0.435841 -1.58109 -3.01655 -1.3272 2.31116 0.525795 0.550235 0.218628 1.89013 1.28549 -1.85933 -0.556162 3.76254 2.44637 0.262948 0.563219 1.20055 4.38926 3.08123 2.62085 1.71925 -0.423155 0.403866 0.438399 0.67757 0.659147 -0.649864 -1.58306 -1.57822 0.089101 0.691538 0.867214 0.372983 0.0637979 0.0648375 0.848693 0.209271 0.712669 0.704234 0.588977 0.174389 0.361281 0.831993 2.62226 1.48451 0.518217 0.191651 0.513669 0.244354 0.170284 0.798167 1.52673 0.895054 -0.277064 0.244884 0.794469 0.323071 -1.13668 -0.578994 0.501654 0.801975 0.244436 0.222391 0.448565 0.597352 -0.268056 -1.41734 -0.638748 1.45045 0.211635 -0.0293764 0.289144 1.01834 0.56737 -1.13651 -0.0219206 2.7705 1.07927 0.495593 0.323139 1.16839 3.04419 2.80193 1.70107 2.12149 -0.0282549 0.598302 0.00693495 0.650543 0.442221 0.0829637 -1.74783 -1.56456 0.231845 0.0689106 0.486587 0.503556 0.427885 0.570195 0.0946868 -0.0013352 0.303793 0.621018 0.783105 0.856682 0.400589 1.76059 3.29397 1.68126 0.13855 0.435729 0.308188 0.298997 -0.360421 0.445305 1.6337 0.739302 -0.574586 0.670431 0.937322 0.486743 -1.7278 -0.462267 1.08012 0.491562 -0.563848 0.39971 0.632368 -0.100549 -0.609544 -1.98705 0.00984812 1.63582 0.657615 0.725762 0.390831 1.10701 0.776406 -0.811464 -0.209297 3.14287 1.45773 0.553774 0.535683 1.78229 3.49582 2.13456 2.30433 1.7399 -0.647707 0.0642055 0.127885 0.54536 0.658551 -0.542876 -1.9554 -0.830861 -0.139877 0.298891 0.181616 0.742779 0.455564 0.089028 0.161021 0.448595 0.239547 0.389936 0.724509 0.382828 0.346543 0.899646 2.51712 0.589568 0.265681 0.92558 0.421985 0.330361 -0.240947 1.05606 1.9358 0.619665 -0.107216 0.883229 0.61598 -0.339722 -2.08455 -0.959566 0.863958 -0.166421 -0.249828 0.717374 0.968629 -0.00634129 -1.56163 -2.0201 0.712292 2.10889 0.374215 0.614831 0.364159 1.14815 -0.1969 -2.52758 -0.58232 2.54132 2.07415 0.0447465 0.384832 2.01711 4.26234 3.00659 2.73308 3.14391 0.0913348 0.578136 0.142936 0.329438 0.290061 -0.842597 -2.06988 -2.29234 -0.553579 0.704182 0.481582 0.503326 0.91039 0.349646 -0.0909065 -0.0949282 0.377638 0.438475 
1024 1
0.129978 0.602733 0.850357 0.412336 0.111246 0.126193 0.375247 0.0265471 0.757585 0.586631 1.37784 2.08145 0.613744 1.16559 0.185273 0.130916 0.929982 -0.148278 0.267932 1.44076 -0.52918 1.00453 -0.481928 0.417367 0.741514 0.386845 -0.822359 0.838615 1.70496 -0.52479 -0.549433 -0.086988 0.697972 0.406703 0.632724 1.0869 -0.115669 0.614894 1.01036 0.333751 0.124487 0.402807 1.25387 0.998706 -0.435614 0.194804 1.54117 0.359568 0.89442 0.545223 0.246621 0.397257 -0.0242092 0.94031 1.10266 0.642837 0.415784 0.69688 0.0582434 0.561673 0.811424 0.374957 0.10136 0.695975 0.216346 0.86626 0.204436 0.703473 0.387587 0.706831 0.536956 0.603366 0.718058 0.718875 0.907886 1.88249 0.724581 1.0339 -0.328998 0.225522 0.45492 -0.357982 0.825989 2.93359 -0.962913 0.763519 -0.672977 0.0750738 0.719348 0.270501 -1.6029 1.2129 1.77406 -1.30772 -2.17058 -0.0727674 0.422704 0.462769 -0.651188 1.83751 1.04732 -0.523175 0.752728 0.745693 0.513178 -0.169926 0.626494 1.00251 -1.424 -0.442151 3.17181 0.589624 0.72332 0.0733859 0.10732 -0.0122579 0.101633 1.26135 1.54366 0.227386 0.513535 0.73591 0.660098 0.412235 0.533038 -0.0266218 0.219437 0.590266 0.700369 0.0216825 0.634499 0.546446 -0.336815 0.537821 0.316667 0.0222648 0.20895 0.0696948 0.895481 1.57316 0.797943 1.29056 0.135147 0.518503 0.293063 0.0758177 1.0289 1.38 -0.445562 0.523493 -0.143187 0.374605 0.192101 0.00379956 -0.850369 1.62114 1.29131 -1.78122 -0.897327 0.445475 0.964732 0.175062 0.300021 1.39441 -0.203907 -0.185887 0.352513 0.387079 0.950882 0.0520315 1.03011 1.21306 -1.0695 0.976924 2.08516 1.11751 0.472181 0.4289 0.0265668 -0.110843 -0.391488 0.699999 0.845452 0.632942 0.804132 0.53211 0.986052 0.143901 0.812076 0.0608768 0.133152 0.0441523 0.798853 0.42005 0.0732393 0.112841 0.310476 -0.244376 0.724598 0.147263 0.633935 0.453239 1.37835 1.483 0.917094 1.43755 -0.188796 0.741781 0.0376989 -0.509412 0.26889 3.31992 -0.970622 0.760064 -0.678614 0.474982 0.9316 0.381788 -1.78399 2.52772 2.27045 -2.00848 -1.48144 0.46707 0.291769 -0.32002 -0.289013 1.72774 0.141696 -0.00787271 0.880425 0.0850538 0.5953 0.465232 1.28198 1.94215 -0.35785 0.318852 2.91841 1.1237 0.482371 0.619371 0.571704 0.249743 -0.452487 1.07162 1.54554 0.293437 0.816858 0.498054 0.794262 0.44502 0.168191 0.467546 0.665788 0.492952 0.228584 0.912979 -0.0201318 0.213857 -0.153672 0.474794 0.357765 0.344695 0.898822 0.246 1.254 2.11263 1.44214 0.769737 0.579432 0.281881 0.775386 -0.395958 0.347812 2.26494 -1.07745 0.431642 -0.246443 0.144622 0.224413 0.4857 -1.24798 1.75824 1.70787 -1.8683 -0.984691 0.70293 0.880987 0.538478 0.0147825 1.30443 0.602846 0.227848 0.777402 0.802569 0.0806971 0.1979 1.47358 1.0768 -0.755982 -0.00277363 2.73 1.20153 0.595703 0.0420068 0.605928 -0.0107626 -0.357595 1.8255 1.71682 0.237414 0.580981 0.545891 0.349329 0.520542 0.121173 0.438954 0.195623 0.859322 0.206366 0.84562 0.297188 0.718142 0.207591 0.657585 0.197914 0.479087 0.405801 0.0662193 1.25443 1.6116 1.0562 1.01557 0.514037 0.857952 0.103352 0.530602 0.752459 2.92256 -1.01817 0.908324 -0.989598 -0.22799 0.84436 -0.0385842 -1.59325 1.37542 2.0342 -0.832572 -1.3332 0.57707 0.682107 -0.150746 0.151562 1.71546 0.996489 0.51072 0.389107 0.189207 0.587815 0.761749 0.293231 1.04239 -0.377785 0.577723 2.0314 1.10045 0.15431 0.757918 0.18939 0.376097 -0.385836 0.785654 0.940864 0.942263 0.625843 0.0873139 0.417604 0.100696 0.602465 0.268186 0.580459 0.57162 0.449049 0.0706624 0.497787 0.444975 -0.0520283 0.415814 0.847035 0.916087 0.0610201 0.326171 0.586014 1.54151 0.723668 0.615628 0.32596 0.8411 0.108256 0.00373204 0.106922 2.20761 -1.39583 0.774313 -1.09185 -0.207804 0.0729402 -0.0645356 -1.02178 1.78712 1.70737 -1.20058 -0.993843 0.345511 0.172083 0.181771 -0.360105 1.03264 1.18073 -0.254127 0.195702 0.407199 0.75015 0.155289 1.31998 1.60858 -0.950222 -0.387302 1.79132 0.816324 0.999603 0.179515 -0.215456 -0.101275 0.0545778 1.14687 1.10534 0.391744 0.980712 0.034645 0.259203 0.373846 -0.141884 0.774224 0.166235 0.559503 0.173345 0.934389 0.531479 0.363542 0.297404 0.898462 0.322409 0.52084 0.267746 0.704139 0.911706 0.695893 1.85982 0.681766 0.4938 0.00563362 0.38278 0.0987863 0.62215 2.06665 -0.822871 -0.213778 -0.426988 -0.0857395 0.687977 -0.0323355 -1.33353 2.1831 1.25957 -1.00863 -0.946385 0.742071 0.306979 0.588504 0.0119413 0.374841 0.451823 0.728264 0.534552 1.02779 0.733231 -0.0753036 0.474924 1.66848 -0.457236 0.45537 1.81536 0.835116 0.473619 0.312759 0.593991 0.221993 -0.264128 1.44066 0.958097 0.0815039 0.174902 0.799702 0.639904 0.0632096 -0.109238 0.453297 0.821712 0.248001 0.0960723 0.292181 0.790502 0.445476 0.496268 -0.0764037 0.145572 0.658245 0.930161 0.626187 1.15478 0.946333 0.875943 0.846725 0.258678 0.619363 0.0217829 0.00136244 0.137501 1.88392 -0.21602 0.956007 -0.33563 0.244731 0.971386 0.572409 -0.0636294 1.46672 1.37652 -0.104277 -0.136682 0.794459 0.573835 0.837126 0.593328 1.03861 1.12485 0.869084 0.960381 0.121783 0.184375 0.186474 0.925542 1.31347 -0.00345725 -0.101126 1.24792 0.407865 0.418046 0.611214 0.118843 -0.183267 -0.365667 0.643268 0.503882 0.00931347 0.237709 0.295338 0.822916 0.365164 -0.0203561 0.112173 0.905793 0.566587 0.434095 0.488757 0.289071 0.553796 0.025422 0.866131 0.395865 0.193859 0.452992 0.773682 0.230271 1.28017 0.687944 0.367147 0.413758 0.530354 0.612688 0.480067 0.0714917 1.72458 0.341131 0.304057 -0.137299 0.649258 0.699552 0.0562688 -0.0703136 1.29679 0.971757 0.205542 -0.062903 0.283119 0.921628 0.849629 0.538554 0.281361 0.492048 0.116893 0.712088 0.382351 0.259776 0.372349 0.996728 0.744941 0.655897 0.261632 1.45777 0.936876 0.174672 0.0577174 0.426523 0.238669 -0.0815237 0.90222 0.858236 0.650274 0.698447 0.932994 0.570812 0.993729 0.0152491 0.130502 0.267782 0.942543 0.904141 0.372114 0.452752 0.211 -0.405959 0.341732 0.578281 0.492392 0.739775 0.370542 0.990243 1.54099 1.07311 0.939098 -0.234198 -0.0164093 0.233885 -0.164983 0.36607 3.07253 -1.32576 0.642653 -1.27596 0.110437 0.143925 0.216826 -1.89843 2.48056 1.91277 -1.86615 -2.06174 0.175239 0.807175 -0.070437 -0.556667 1.45526 0.336739 0.718629 0.248683 0.960219 0.598 0.346581 0.950911 1.13621 -0.679517 0.315547 2.51155 0.728503 0.584875 0.089816 -0.181841 0.296891 -0.828579 1.551 1.48237 -0.0523954 0.586383 0.624466 0.140408 0.132808 0.185737 0.230899 0.265376 0.304749 0.723014 0.299751 0.244526 0.0876487 0.730621 0.145754 0.814053 0.420077 0.196841 0.455883 1.49526 2.12413 1.14771 0.477488 0.0371411 0.890532 0.504445 0.460605 0.644366 0.805136 -0.881672 0.666143 -0.434724 -0.124086 0.102488 -0.326381 -1.28241 2.01065 1.26721 -0.975985 -1.02094 0.536552 0.234085 -0.126405 -0.37054 2.04115 0.487832 0.654549 0.173341 0.354889 0.374179 0.0516553 0.747376 1.05397 -1.26657 0.280469 2.42383 0.909179 0.99111 0.722313 -0.116914 -0.0761791 0.221557 2.2199 1.05887 0.493808 0.430799 0.783073 0.3083 0.528428 0.670402 0.0954918 0.757995 0.0793242 0.607532 0.112869 0.101768 0.308427 0.414126 0.536379 0.552475 0.341262 0.725467 0.0244182 1.59645 2.08127 1.32334 1.46346 0.436303 0.43011 0.509292 0.428481 0.350044 2.42663 -0.993011 0.82448 -1.14624 0.713877 0.842033 0.120094 -1.99115 1.77428 1.8376 -1.07366 -1.41487 0.254875 0.635469 -0.0378389 -0.120396 1.48505 0.221185 0.0713818 0.60998 0.715102 0.25946 0.350742 0.672076 0.969243 -0.269662 0.984869 2.57503 0.794802 0.235324 0.492558 0.0704106 0.504603 -0.600254 1.15245 0.815139 0.232753 0.261025 0.319807 0.336151 0.39938 0.847085 0.505377 0.111276 0.193437 0.774499 0.167341 0.011536 0.368827 0.138645 0.368902 0.940656 0.121854 0.733184 0.103454 0.900007 1.41992 0.376063 1.21485 0.570965 0.528187 0.834689 0.12151 0.982424 1.20572 -0.149147 0.235971 -0.27196 0.723424 0.147543 0.276166 -0.382852 1.3162 1.51958 -1.07129 -0.28554 0.155044 -0.000708619 0.324793 -0.34547 1.54083 0.979841 0.258923 0.981695 0.728618 0.376156 0.759075 1.19894 0.457917 -0.343715 -0.0984948 1.42866 0.821234 0.658752 0.277908 0.29711 0.273603 -0.0320927 1.11097 1.19596 0.65387 0.606372 0.647466 0.9832 0.423569 0.381325 0.746521 0.1621 0.0779838 0.940672 0.307902 0.380344 0.648194 0.209738 0.018329 0.43633 0.126542 0.121709 0.79515 0.920362 1.418 1.05797 1.17834 -0.0566341 0.383204 0.566687 -0.0967756 0.777594 1.5056 -0.376072 0.505134 -0.39997 -0.126801 0.291596 0.0221865 -1.34282 1.61642 1.88082 -0.787003 -0.634591 0.331706 0.774595 0.349875 -0.0113914 1.95879 -0.318009 0.432787 0.808889 0.427829 0.38596 0.254428 0.698249 0.497438 -0.286461 1.02597 1.86643 1.15446 0.103304 0.577053 0.173173 0.0853037 0.31246 0.668621 0.688913 0.73089 0.496109 0.677594 0.51211 0.814426 0.729239 0.784634 0.290307 0.657149 0.322855 0.887678 0.196181 0.474494 0.719194 0.110298 0.146706 0.22076 0.297259 0.0203993 1.04322 1.85805 1.7784 0.362464 -0.253609 0.867044 0.302999 0.291246 1.39531 1.38806 -1.08014 -0.0307447 -0.35801 0.00529743 0.0572609 0.267981 -1.50424 1.64076 1.6855 -1.28618 -0.828545 0.401312 0.940463 0.319889 -0.451994 2.05973 0.535305 0.299931 0.781551 0.538951 0.441306 0.396629 0.952336 0.96636 -0.921517 0.65823 2.47584 0.364073 0.910684 0.361864 0.672621 -0.0971318 0.236273 1.61687 1.037 -0.0423677 0.459548 0.822725 0.687069 0.277352 0.664998 0.841213 0.329062 0.363025 
1024 1
0.637898 0.753575 0.842267 0.578309 1.40367 0.990053 0.735898 0.771259 0.161285 -0.0932574 -0.739002 -1.02045 0.748037 0.512437 0.250781 0.390745 0.147205 0.240968 -0.393687 -0.86495 0.386125 0.551069 0.0369638 0.475865 0.73624 0.678284 0.908779 0.90984 1.32799 1.11608 -0.136886 0.62927 0.962129 0.342881 1.96969 1.2445 0.332792 1.38538 0.461842 -0.126281 0.207449 0.29171 0.312672 0.732126 1.69358 0.800143 0.175262 -0.0294354 0.923274 0.157068 0.617887 -0.34248 -0.88347 -0.542023 -0.258746 0.321546 0.525956 0.994856 0.777294 0.0527494 0.88406 0.11261 0.65037 0.11657 0.102512 0.257164 0.345555 0.770993 1.04533 1.69403 0.975321 0.642553 0.121187 0.409587 -1.1751 -1.94023 1.60521 0.930046 0.827783 0.570855 0.668412 0.426849 -0.912094 -3.00357 -0.0343226 1.11482 -0.991091 0.778909 0.0863897 0.950485 1.14667 0.79065 0.971229 1.52042 -1.07588 0.576859 0.800648 0.580481 3.16161 3.00982 0.572905 1.97543 0.874225 0.24786 0.82555 0.351119 -0.16596 1.91723 2.1707 1.16356 0.544019 0.285451 0.481931 0.868884 -0.261849 -0.853927 -2.12917 -1.77185 -0.945958 0.137844 0.224647 0.605987 0.535908 0.801965 -0.183309 0.594833 0.105847 0.34996 0.433607 0.245373 0.10353 1.16194 1.58311 1.6253 0.47243 0.194415 0.0783637 0.650436 -1.37149 -1.52027 0.930941 0.668316 0.631805 0.572566 0.971935 -0.107422 -0.690564 -1.76975 0.872088 0.0684962 0.059485 0.274774 0.393284 0.688102 2.17241 0.916429 1.57091 1.23417 -0.777163 -0.178647 0.920181 0.936583 3.01681 1.77831 0.785927 0.831848 0.253821 0.20001 -0.0352575 -0.184385 -0.209777 1.09365 2.713 1.38297 0.261242 0.313594 0.429482 0.00150902 0.197664 -0.846024 -1.2601 -1.0409 -0.219189 0.0192522 0.584918 0.568088 0.240362 0.774544 0.208252 0.569256 0.0860433 0.994206 0.847896 0.0711557 0.100362 0.503684 1.82657 1.30394 0.413807 0.301116 0.439637 0.589899 -2.22358 -3.49219 1.21397 1.20543 0.821513 0.572744 0.651213 -0.0288452 -1.49122 -2.91916 0.514137 0.475922 -0.943043 0.710523 0.440815 0.586878 1.77033 1.42621 1.1795 2.44187 -1.28703 0.448576 0.293528 0.575076 3.62922 2.58856 -0.0820035 2.29859 0.932203 0.547656 0.786903 0.107571 -0.433965 2.39726 2.33842 1.59074 0.204491 0.109898 0.106991 0.569528 0.563926 -0.546713 -2.25568 -2.08134 -0.856792 0.613964 0.136082 0.293649 0.643966 0.655683 0.678674 0.0298429 0.394141 0.469612 0.0621662 0.586366 0.883121 0.16137 1.46516 0.644913 1.12522 0.321258 0.111951 0.600353 -1.15437 -1.32699 1.37597 1.25574 0.378977 0.510049 0.787835 0.127656 -1.06434 -2.98672 -0.044335 0.194374 -0.431472 0.360001 0.50293 0.596123 1.68933 0.749553 0.876266 1.50288 -1.26973 0.203321 0.408506 0.33247 3.17285 2.40937 1.08228 1.44422 0.372782 0.0789976 0.906148 0.292418 -0.270747 1.62165 1.71132 0.879677 0.795837 0.254143 0.356402 -0.0444179 -0.496502 -0.468297 -1.75293 -1.74211 -0.180107 0.527071 0.907437 0.694929 0.0135112 0.671628 0.745664 0.148632 0.431724 0.71023 0.293252 0.134147 0.217651 1.03899 1.24919 1.42002 0.925256 0.122524 0.493209 0.183306 -1.51758 -2.75016 1.24198 0.660805 1.02285 0.45478 0.986969 -0.134492 -0.605342 -2.16973 0.0458706 0.21341 -0.368309 0.891224 0.363662 0.670566 1.50427 0.504563 0.974011 1.88718 -1.19902 0.339343 0.194387 0.905983 2.5647 2.85357 0.738415 1.39463 1.22556 0.0359273 0.529264 -0.0532722 -0.825999 1.46847 2.21552 0.89523 0.369309 -0.153402 0.519896 0.236105 0.360187 -1.07183 -1.9769 -1.32878 -0.603738 0.0365076 0.428236 0.183454 0.116102 0.521306 0.256094 0.18414 0.0328906 0.140157 0.257942 0.568406 0.685078 0.276163 1.35625 1.16202 0.103977 0.0702 0.492064 0.811556 -0.801465 -2.01265 1.33125 1.10692 1.15601 0.561103 0.329841 0.664354 -0.451906 -2.3639 0.554898 0.304064 0.059918 0.614513 0.300448 0.805556 1.47003 0.564918 0.956645 2.09204 -0.918036 0.311051 0.142404 0.199162 2.84188 1.90871 0.19118 1.66755 1.17158 0.679812 0.269814 -0.000513309 -0.725721 1.71458 1.50062 1.52755 -0.0638158 0.267622 0.438788 0.812613 0.375082 -0.425606 -1.12821 -1.13861 -0.651788 0.0956449 0.727836 0.671734 0.209938 0.415402 0.544587 0.023235 0.562956 0.688763 0.17307 0.233461 0.117754 0.557638 0.856542 1.11154 0.82727 0.0282418 0.508267 0.0409722 -0.478184 -1.73325 1.41294 0.523596 0.378878 0.67981 0.413873 -0.178109 -1.04059 -1.58164 1.08242 -0.230378 -0.0942793 0.223942 0.0943524 0.81628 1.61137 0.816978 1.32817 1.38073 -0.337898 0.724092 0.195673 0.0879069 1.81206 1.42574 -0.000362171 2.13692 0.3261 0.646225 0.304522 0.00603297 -0.388393 1.77907 1.98775 -0.111942 0.221778 -0.049175 0.455229 0.696262 -0.115583 -0.385737 -1.60315 -0.934307 -0.64255 0.319719 0.335459 0.571362 0.0622419 0.0598573 0.541582 0.0918703 0.882161 0.783241 0.755364 0.989165 0.137157 0.557303 0.58692 0.636952 0.76218 0.363333 0.453891 0.606814 -0.199603 -0.565275 0.880792 1.32527 0.850427 0.145873 0.327374 0.16469 -0.411284 -0.976371 0.0719608 0.809302 -0.0755524 0.962605 0.0207851 0.570787 0.558955 0.746056 0.856749 0.999301 0.106744 0.572858 0.861778 0.453271 1.88196 1.31871 0.0590197 1.19819 0.933977 -0.0724297 0.272398 0.153843 -0.142383 1.21505 0.875798 0.621057 0.728985 0.780878 0.410787 0.337843 0.276336 0.227607 -0.943269 -0.869765 -0.381945 0.634215 0.280465 0.79546 0.936042 0.673403 0.587189 0.244546 0.339915 0.351745 0.221656 0.176121 0.558112 0.237791 0.881839 1.2028 0.78031 0.940177 0.726708 0.906705 -0.266624 -0.806941 0.872808 0.494201 0.464345 0.730273 0.663029 0.758382 0.340067 -0.222702 0.194424 0.933344 -0.232001 0.586025 0.863041 0.989687 0.880191 0.908072 0.384887 1.36672 0.379045 0.730024 0.07306 0.195602 0.775598 1.13692 -0.105929 1.3939 0.731528 0.220037 0.333176 0.786458 -0.218769 1.06551 1.25248 0.695571 0.699116 0.51305 0.647282 0.720765 0.672616 -0.0261508 0.00283375 0.262318 0.425922 0.500148 0.0921354 0.755247 0.593072 0.952624 0.542856 0.847941 0.79798 0.821266 0.288736 0.641218 0.737062 0.47797 1.60089 1.33456 0.599827 0.126801 0.228154 0.0587169 -1.2265 -2.67691 1.21926 0.937381 0.594112 0.948824 0.503376 -0.0166849 -1.50217 -2.94484 0.85929 -0.0267984 -0.647169 0.288002 0.907216 0.3393 2.14144 0.959784 1.1755 2.01989 -1.37121 0.0687609 0.284593 1.04628 3.07412 2.29414 0.211723 2.48651 1.29107 0.352311 0.112231 -0.372298 -0.621494 1.90661 2.79127 0.820791 -0.225553 -0.117023 0.00598639 0.274668 0.21673 -1.19452 -1.71682 -2.23731 -0.595672 0.663866 0.799799 0.362557 0.287308 0.0759952 0.629072 0.643288 0.592947 0.117191 0.173406 0.747703 -0.0358457 0.163571 1.47876 1.33742 0.949598 0.783104 0.374709 0.54047 -0.872094 -0.944999 1.75896 0.800049 0.622183 1.13924 0.453296 -0.247141 -1.29077 -2.07196 0.241209 -0.307145 0.29109 0.916036 0.915395 0.814689 1.37197 0.178662 1.51284 1.21441 -0.754865 -0.153238 0.521529 1.11582 2.92855 1.96949 0.989978 1.85169 0.637945 0.523634 0.799666 -0.0684334 -0.105669 1.34327 1.78597 1.13269 0.691457 0.0604533 0.829553 0.0244791 -0.325298 -0.845643 -1.49974 -1.22296 -0.310131 0.126287 0.932707 0.0308478 0.800892 0.822143 0.0165442 0.307647 0.624234 0.673148 0.592486 0.331941 0.342877 0.342863 2.12642 1.49536 0.784984 0.277128 0.058115 0.00740719 -1.07476 -2.41334 0.695636 1.12065 0.833171 1.01204 0.612078 -0.252102 -0.740872 -2.46212 0.163038 0.329815 -0.590024 0.582565 0.178339 1.07167 2.12891 1.0843 1.38154 1.72172 -0.565443 0.658457 0.185499 0.579178 2.68484 2.11 -0.045689 1.31273 1.2018 0.374032 0.0855739 0.483809 -0.154444 1.15859 2.86318 0.838282 -0.43627 0.444573 0.95998 0.51738 -0.292567 -0.688843 -1.42732 -1.61537 0.122585 0.62248 0.520127 0.670983 0.394995 0.363895 -0.0229748 0.551589 0.218587 0.411995 0.762749 0.752321 0.0816155 0.148202 1.64293 0.744325 0.697128 0.473991 0.691635 0.644717 -0.377869 -1.04394 1.09255 0.439047 0.196295 1.08393 0.555402 -0.130702 -0.522981 -1.51792 0.279074 0.672182 -0.213374 0.156924 0.470441 0.440278 0.945037 0.876744 1.15822 1.31935 -0.525034 0.683553 0.291187 1.04488 2.29377 1.87705 0.92038 1.07598 0.663219 0.796993 0.0608965 0.721857 0.306114 0.716798 1.93143 0.937209 0.792207 0.184276 0.738214 0.613475 -0.122765 -0.304553 -0.485026 -0.752938 -0.346202 0.606641 0.0914029 0.695804 0.825811 0.418932 0.329281 0.780197 0.248462 0.764434 0.400952 0.851116 0.421151 0.976894 1.91751 0.878513 0.619464 0.738848 0.172388 0.387064 -1.31462 -1.93861 0.598761 0.297142 0.757068 0.892478 0.377935 -0.207523 -0.321955 -1.62128 0.743604 0.188566 -0.0357623 0.763897 0.0769915 0.307911 1.53842 0.967124 1.39536 1.00335 0.0154669 0.700068 0.271027 0.901786 2.25654 1.58412 0.173186 0.772508 1.06152 0.723797 0.395893 0.578721 0.459657 0.95137 2.52065 1.04276 -0.142714 -0.158151 0.00641213 0.814744 -0.108753 -0.596185 -0.858707 -1.2443 0.0718501 0.133334 0.675832 0.0167886 0.357141 0.175233 0.43711 0.859513 0.0604138 0.656109 0.72396 0.983498 0.465634 0.41815 1.43032 0.746017 0.3161 0.938645 0.909983 0.293083 -0.362682 -1.27258 1.64328 1.46036 0.474306 1.13156 0.671379 -0.163672 -0.755613 -2.2005 0.0127258 0.55884 0.120433 0.234326 0.773662 0.202242 1.2378 -0.14326 1.25665 0.689111 -0.722911 0.588614 0.115314 0.374222 2.76342 1.52458 0.990249 2.08981 0.752442 0.759005 0.240328 -0.337797 0.466906 1.7051 2.19854 1.36244 0.410449 0.260714 0.106049 0.0937726 -0.311176 -0.965146 -1.50447 -1.94134 -0.0568027 0.481261 0.802728 0.0465696 0.751531 0.355338 0.153967 0.114307 0.510468 0.515005 
