2 2
-0.605945 -0.262246 
-0.184118 0.496933 
2 2
-0.237342 0.868648 
-0.400311 -0.0440382 
2 2
0.962523 -0.728507 
-0.79162 0.205603 
2 2
-0.531907 0.705313 
0.817255 -0.636586 
2 2
-0.98938 0.768242 
0.255531 -0.930662 
2 2
-0.526536 0.962096 
0.564135 0.56328 
2 2
0.158055 -0.357158 
0.892453 0.743645 
2 2
-0.890866 0.796319 
-0.0769982 0.643849 
2 2
-0.81402 0.574633 
0.0110172 -0.236366 
2 2
0.566698 0.532273 
-0.774041 0.694388 
2 2
0.373821 -0.500717 
-0.516587 -0.52617 
2 2
-0.890683 -0.972045 
-0.0464187 0.109592 
2 2
0.584399 0.351604 
-0.0644856 0.707755 
2 2
-0.966369 -0.207373 
0.382855 -0.355754 
2 2
0.100314 0.557115 
0.27018 -0.782586 
2 2
-0.620167 -0.146214 
0.985961 -0.78222 
2 2
-0.790216 -0.725455 
0.940855 -0.146397 
2 2
-0.0990326 0.840571 
-0.538438 0.225379 
2 2
0.214515 -0.0780358 
-0.774773 0.68804 
2 2
-0.76635 0.639515 
0.759453 -0.0101016 
2 2
0.720145 0.68749 
-0.957396 0.0110172 
2 2
-0.412519 0.663808 
-0.735343 -0.768426 
2 2
-0.754021 0.78637 
0.42729 0.680837 
2 2
-0.494736 -0.0662557 
-0.0285958 0.804132 
2 2
-0.276406 0.947996 
-0.379803 0.685232 
2 2
0.890744 -0.863887 
-0.376507 0.0618 
2 2
-0.668142 -0.0913419 
-0.407208 -0.428755 
2 2
-0.280251 0.491989 
-0.88702 -0.335551 
2 2
0.0837123 -0.346843 
0.319864 -0.374859 
2 2
0.501267 0.373211 
-0.37138 -0.868038 
2 2
0.161657 -0.592517 
0.803522 -0.19834 
2 2
0.487777 0.670217 
0.554064 -0.850948 
2 2
-0.931272 -0.135228 
0.731559 -0.389996 
2 2
-0.191198 -0.101779 
-0.992981 0.245766 
2 2
-0.254616 -0.134556 
-0.15128 -0.731742 
2 2
0.703177 0.912717 
0.957335 -0.843501 
2 2
-0.498398 0.810724 
-0.66802 0.978454 
2 2
-0.258705 -0.652944 
0.843562 0.421308 
2 2
-0.539598 0.105197 
0.647206 -0.69628 
2 2
0.350688 -0.432539 
-0.377239 -0.995056 
2 2
-0.78106 -0.519578 
-0.970397 -0.75042 
2 2
-0.617603 -0.581103 
0.564196 0.685781 
2 2
0.685049 -0.513047 
0.00711081 0.693167 
2 2
-0.17777 0.0929899 
-0.352275 0.859737 
2 2
-0.337687 0.736686 
-0.326273 -0.436872 
2 2
-0.748955 0.744926 
-0.287454 0.0956755 
2 2
-0.812983 -0.105136 
0.713248 -0.230567 
2 2
0.0564287 -0.139256 
0.355205 0.439558 
2 2
0.409528 0.118992 
-0.797845 0.311075 
2 2
-0.0703452 -0.823725 
-0.686819 -0.281655 
2 2
-0.283364 0.0973846 
0.778619 -0.586291 
2 2
0.023835 -0.00833155 
-0.340434 0.0444655 
2 2
-0.583666 0.643788 
-0.836482 -0.696463 
2 2
-0.131199 -0.0314646 
-0.970214 0.523179 
2 2
0.73516 0.852229 
0.754631 -0.251259 
2 2
-0.723258 0.318583 
-0.156102 -0.269265 
2 2
0.436384 0.956175 
-0.718986 0.272317 
2 2
-0.453902 -0.454939 
-0.603626 -0.630726 
2 2
0.656178 0.820551 
0.327372 0.581469 
2 2
0.172277 -0.689688 
0.255226 -0.928892 
2 2
0.489364 -0.815729 
-0.393109 -0.25248 
2 2
-0.691458 -0.947203 
0.409711 -0.0461135 
2 2
-0.67449 -0.347758 
0.984985 0.135472 
2 2
-0.0227973 -0.645802 
-0.8305 0.924924 
2 2
0.92346 0.962951 
-0.424665 0.288736 
2 2
-0.732597 -0.336955 
-0.584704 -0.462325 
2 2
-0.555528 0.668691 
-0.137486 -0.4185 
2 2
-0.17539 -0.0102237 
0.526353 -0.326884 
2 2
-0.594409 -0.63744 
-0.98999 -0.431623 
2 2
0.223975 -0.233619 
0.108676 0.681753 
2 2
-0.363262 -0.671865 
-0.152928 0.722831 
2 2
0.16245 0.550279 
-0.455 0.251076 
2 2
-0.432722 0.800897 
0.0971404 0.585314 
2 2
0.885739 -0.99707 
-0.344646 -0.493027 
2 2
-0.938231 0.46025 
0.901364 0.193152 
2 2
-0.101047 0.757439 
-0.904477 -0.181799 
2 2
0.00619526 0.671987 
-0.907956 -0.739738 
2 2
-0.572253 -0.964782 
0.505356 0.351238 
2 2
-0.356365 -0.5197 
-0.783624 0.106723 
2 2
0.629139 0.0138859 
0.407147 0.374615 
2 2
-0.697989 0.322489 
0.0737632 0.875118 
2 2
-0.173986 -0.653249 
-0.651601 -0.401776 
2 2
-0.754509 0.629994 
-0.0518509 -0.771477 
2 2
-0.265603 0.0202948 
0.217872 0.0621052 
2 2
-0.58916 -0.857234 
0.344035 -0.645009 
2 2
0.0606403 0.979064 
-0.634816 -0.958556 
2 2
-0.26841 0.833857 
0.022309 -0.0669881 
2 2
-0.113437 -0.374065 
0.636219 0.835383 
2 2
-0.197058 -0.559496 
0.200537 0.020661 
2 2
-0.094882 0.280862 
-0.123753 -0.506699 
2 2
0.718253 -0.0432447 
-0.92346 -0.514634 
2 2
-0.868954 0.0473952 
-0.671072 -0.379498 
2 2
0.654286 -0.124668 
0.101901 0.183508 
2 2
-0.637562 -0.569628 
-0.215491 -0.0677816 
2 2
0.207678 -0.820185 
0.00515763 -0.109714 
2 2
-0.609058 -0.297037 
0.478317 -0.441755 
2 2
-0.763421 -0.876705 
-0.079928 0.402203 
2 2
0.609363 -0.784356 
0.14774 0.794671 
2 2
0.436018 0.032136 
0.883114 0.811884 
2 2
0.382122 0.196509 
0.394208 0.230934 
2 2
0.373516 -0.839839 
-0.361797 -0.75457 
2 2
-0.367168 0.844661 
-0.915342 0.747063 
2 2
-0.413984 -0.330058 
0.377972 0.0863979 
2 2
0.328166 -0.0912198 
0.0277413 0.753227 
2 2
-0.66509 0.30076 
-0.686087 -0.589587 
2 2
0.108188 0.867 
-0.405805 0.722892 
2 2
-0.558092 -0.139073 
-0.799249 -0.584948 
2 2
0.99762 -0.206458 
-0.884457 -0.00241096 
2 2
-0.125095 0.470199 
-0.390973 -0.4008 
2 2
-0.133396 -0.0234077 
-0.967589 0.34135 
2 2
0.0840175 -0.448286 
0.948973 0.693228 
2 2
0.641713 -0.71514 
0.793085 0.245399 
2 2
-0.581469 -0.708731 
-0.663137 0.202002 
2 2
-0.378765 -0.741935 
-0.151646 -0.978759 
2 2
-0.667531 -0.0741295 
-0.48497 -0.211402 
2 2
-0.603442 -0.368389 
-0.284463 0.199072 
2 2
0.234962 -0.409345 
0.365276 0.821772 
2 2
0.194372 -0.398541 
0.552171 -0.0571612 
2 2
0.766533 -0.862606 
-0.988403 0.890011 
2 2
0.366008 0.762139 
-0.370342 0.274087 
2 2
-0.645497 -0.192602 
0.16007 0.586657 
2 2
-0.00112918 -0.750359 
-0.65569 -0.409772 
2 2
0.0492874 -0.276467 
0.621632 -0.0607624 
2 2
-0.3726 -0.390728 
-0.384503 -0.531053 
2 2
0.109653 -0.867611 
-0.413923 -0.410566 
2 2
0.694143 -0.587878 
0.0342112 0.223182 
2 2
-0.660817 0.396649 
0.645497 0.722526 
2 2
-0.239784 0.622791 
-0.23838 -0.794488 
2 2
-0.460616 -0.247902 
-0.453108 0.606677 
2 2
-0.134312 0.462325 
-0.514451 -0.827204 
2 2
-0.748833 0.362102 
-0.308329 0.615711 
2 2
-0.593249 0.439009 
-0.157994 0.986206 
2 2
-0.063448 -0.390118 
0.997864 0.665883 
2 2
-0.000824 0.48796 
0.0527665 -0.2266 
2 2
-0.160619 -0.463179 
-0.979003 -0.949278 
2 2
-0.121006 0.549242 
0.352214 0.667592 
2 2
0.0531938 -0.613758 
0.461409 0.381268 
2 2
-0.919004 0.917234 
0.661855 -0.510239 
2 2
0.35667 0.0953093 
-0.313334 0.0150456 
2 2
0.149449 0.107761 
0.989013 -0.445906 
2 2
0.799799 -0.462325 
-0.994201 -0.763787 
2 2
0.598865 -0.524766 
-0.424909 -0.777764 
2 2
-0.960509 0.515427 
0.692251 -0.814814 
2 2
-0.87463 0.580004 
0.794122 0.208167 
2 2
0.290445 0.431684 
0.77282 0.948119 
2 2
-0.653432 0.816645 
-0.905637 -0.856258 
2 2
0.508713 0.391461 
0.260659 0.750298 
2 2
0.0415357 -0.268105 
-0.566149 0.611682 
2 2
-0.580248 -0.606311 
-0.991516 0.359905 
2 2
0.301126 -0.25779 
0.871822 0.383404 
2 2
0.371197 0.169164 
0.50383 0.275857 
2 2
-0.253822 0.633351 
0.105502 0.203223 
2 2
0.622364 -0.536973 
0.940794 0.626453 
2 2
-0.141331 0.357891 
0.0818812 0.816218 
2 2
-0.819452 0.527146 
-0.256264 -0.400616 
2 2
0.692557 0.902341 
0.396161 0.772637 
2 2
0.3867 0.361858 
-0.159215 0.62157 
2 2
-0.665273 0.904355 
-0.559862 -0.0168767 
2 2
-0.748589 -0.291177 
-0.312967 0.288308 
2 2
0.116184 -0.980285 
0.300699 0.0229194 
2 2
-0.636891 0.255654 
0.23722 -0.441694 
2 2
-0.932188 -0.690786 
-0.289956 -0.171422 
2 2
0.421308 0.0647908 
-0.930479 0.64922 
2 2
-0.070101 -0.376385 
0.151158 0.0950652 
2 2
-0.374004 0.117832 
0.870052 0.485885 
2 2
-0.645802 0.602649 
-0.705741 0.917234 
2 2
0.92822 -0.664907 
0.557665 -0.727897 
2 2
-0.153661 -0.622242 
-0.200354 0.150548 
2 2
-0.746635 -0.536424 
-0.679312 0.154088 
2 2
-0.164403 -0.940062 
-0.860469 0.963927 
2 2
0.337321 -0.430342 
-0.859676 -0.350627 
2 2
0.385662 0.60625 
-0.00283822 0.644032 
2 2
0.31193 -0.719352 
-0.936399 0.827509 
2 2
-0.344279 -0.562487 
0.414594 0.150243 
2 2
-0.958678 0.777703 
-0.772576 -0.761162 
2 2
-0.888546 0.805414 
-0.308451 0.419172 
2 2
-0.551134 -0.850154 
0.162755 -0.230506 
2 2
-0.966735 -0.0715049 
-0.632313 -0.87817 
2 2
-0.69451 0.432844 
0.966124 -0.230323 
2 2
0.700674 -0.772637 
0.654042 -0.543992 
2 2
0.496628 -0.0418409 
0.0550249 0.625843 
2 2
0.412275 -0.692618 
0.605457 -0.480575 
2 2
-0.923154 0.335429 
-0.719901 -0.253212 
2 2
-0.941588 0.145848 
-0.655141 0.779107 
2 2
-0.862362 -0.186316 
0.324015 0.796258 
2 2
-0.484237 -0.488327 
0.370159 0.327494 
2 2
0.6433 0.773736 
-0.775872 0.122044 
2 2
-0.642323 0.83282 
0.952147 -0.312174 
2 2
-0.983276 0.96997 
0.647145 -0.0639363 
2 2
-0.684317 -0.186804 
0.283486 0.368206 
2 2
0.475692 -0.47734 
-0.0888394 0.243934 
2 2
-0.509812 -0.199744 
-0.623157 0.166601 
2 2
0.239051 0.0400708 
-0.227821 -0.0864589 
2 2
0.246925 -0.337321 
-0.89758 -0.0818812 
2 2
0.477584 -0.453536 
-0.202063 0.568651 
2 2
0.982788 0.656545 
0.602771 -0.28605 
2 2
0.973083 0.0903653 
-0.963927 -0.638295 
2 2
-0.270791 -0.905087 
-0.909604 -0.665395 
2 2
-0.616382 -0.529099 
-0.230995 0.406842 
2 2
-0.738639 -0.69921 
-0.348674 -0.641713 
2 2
0.466659 -0.0608844 
-0.326884 -0.614978 
2 2
0.403058 -0.798639 
-0.691336 0.301492 
2 2
-0.084994 0.690176 
0.342936 -0.0256661 
2 2
0.737602 0.195227 
-0.578722 -0.576464 
2 2
-0.0573443 -0.89465 
-0.436201 -0.970763 
2 2
-0.931455 -0.230445 
-0.167882 0.281533 
2 2
0.620777 0.744682 
-0.664174 0.510483 
2 2
-0.368816 0.867489 
0.766778 -0.965331 
2 2
0.425092 0.852168 
-0.711966 -0.67748 
2 2
0.712638 0.500107 
0.949522 0.11185 
2 2
0.254067 0.456404 
0.412763 0.503159 
2 2
0.405133 -0.975707 
0.657399 0.888485 
2 2
0.996765 0.690298 
-0.713981 0.275674 
2 2
0.558947 0.203406 
0.0343333 0.507309 
2 2
-0.585192 0.0423292 
0.12186 0.959227 
2 2
-0.666005 0.205969 
0.6292 0.157811 
2 2
0.431745 0.265664 
0.0909146 -0.247597 
2 2
-0.998596 0.617359 
0.490402 -0.719596 
2 2
0.96881 0.869686 
-0.155797 -0.836665 
2 2
0.654164 0.306864 
0.564684 0.370769 
2 2
-0.469039 0.362835 
-0.213599 0.189184 
2 2
0.668203 0.0449538 
0.845576 0.534776 
2 2
-0.456954 0.244423 
0.0991546 0.245643 
2 2
0.91345 -0.129551 
0.27134 -0.207068 
2 2
-0.301614 0.511765 
-0.0669881 0.328532 
2 2
-0.565783 -0.571093 
-0.0560015 0.597644 
2 2
-0.0487381 -0.786615 
0.658132 0.0302438 
2 2
-0.403424 0.444075 
0.478133 -0.000946074 
2 2
-0.490951 0.933653 
-0.722648 -0.050325 
2 2
-0.8446 -0.12888 
-0.277566 0.181921 
2 2
-0.2631 0.350566 
-0.563707 0.110996 
2 2
-0.844661 -0.775506 
-0.811518 0.447127 
2 2
-0.775689 0.219031 
-0.700125 0.730461 
2 2
0.814753 -0.752251 
-0.549669 0.658803 
2 2
-0.378948 -0.136937 
0.0757164 0.646168 
2 2
0.236366 -0.219031 
0.542589 0.0489822 
2 2
-0.776788 0.418073 
0.287515 0.497848 
2 2
0.868526 0.377667 
0.108982 0.772393 
2 2
0.309 0.822687 
-0.201331 0.656362 
2 2
-0.284219 -0.327616 
-0.69921 0.210913 
2 2
0.75042 0.9447 
-0.0701621 0.263527 
2 2
0.415754 0.437544 
0.121128 -0.730033 
2 2
-0.114292 0.868282 
-0.618274 0.606983 
2 2
0.186132 0.0289621 
0.72515 -0.934812 
2 2
0.45146 0.996338 
0.482772 -0.0342112 
2 2
0.772515 0.336406 
-0.560228 0.503098 
2 2
-0.0837123 -0.303751 
-0.189856 -0.43083 
2 2
-0.395795 -0.28019 
-0.760491 0.495712 
2 2
0.0357982 0.225074 
0.0227973 0.151158 
2 2
0.346904 -0.418989 
0.723807 0.831172 
2 2
0.688284 -0.778863 
0.385113 0.379742 
2 2
-0.386883 0.230811 
0.515122 0.977783 
2 2
-0.539293 -0.0531938 
-0.960143 0.0372631 
2 2
-0.576586 -0.494064 
-0.592517 -0.361064 
2 2
0.984924 0.280313 
-0.967895 -0.0503861 
2 2
-0.582812 0.136631 
0.265358 -0.941954 
2 2
-0.727592 -0.923215 
0.501083 -0.540513 
2 2
0.661122 0.514206 
0.515976 -0.976562 
2 2
-0.626392 -0.528184 
0.431318 0.690298 
2 2
0.802667 -0.107639 
-0.941465 -0.893429 
2 2
0.765252 0.0539872 
-0.62505 0.906003 
2 2
-0.335978 0.837458 
-0.528489 0.615345 
2 2
0.519395 0.380291 
0.340922 0.0409253 
2 2
0.559496 0.0550859 
-0.307596 -0.426801 
2 2
-0.942442 -0.290506 
-0.0177313 0.846553 
2 2
-0.89819 -0.89465 
-0.154149 -0.807978 
2 2
-0.0132756 -0.505356 
-0.880062 -0.678884 
2 2
-0.0867031 0.269692 
0.642384 0.676565 
2 2
-0.315104 0.624928 
-0.983947 -0.110508 
2 2
-0.913205 -0.831904 
-0.473617 0.779046 
2 2
0.637318 -0.582018 
-0.602832 -0.667409 
2 2
0.396527 0.126438 
0.57506 0.104099 
2 2
-0.0439772 0.833857 
-0.130589 -0.751457 
2 2
0.174047 -0.352824 
-0.836238 -0.247475 
2 2
0.73162 0.0748009 
0.654469 -0.262734 
2 2
-0.924986 -0.852474 
0.138524 0.142613 
2 2
0.391888 0.28251 
-0.573473 0.352336 
2 2
-0.915952 -0.387432 
-0.897092 0.663137 
2 2
-0.887509 -0.296609 
-0.873714 -0.7669 
2 2
0.900204 -0.406293 
0.45732 -0.0509354 
2 2
-0.518906 -0.901791 
-0.0990326 0.648671 
2 2
-0.416608 0.309122 
-0.648305 0.136021 
2 2
0.332987 0.234474 
-0.371929 -0.57268 
2 2
-0.734123 -0.48912 
0.0845668 -0.335063 
2 2
0.337138 -0.871822 
0.188818 0.136509 
2 2
-0.387371 0.10239 
0.25071 0.837153 
2 2
-0.667531 0.0365917 
-0.50853 -0.987793 
2 2
0.0326853 -0.494919 
0.640187 0.118381 
2 2
-0.12009 0.772576 
0.297403 -0.892453 
2 2
-0.456771 -0.423872 
0.642384 -0.604785 
2 2
-0.056856 0.896603 
0.194739 0.974181 
2 2
0.166173 0.34434 
0.512864 -0.999573 
2 2
0.250832 0.283242 
0.0668661 0.379009 
2 2
-0.463851 -0.464888 
0.874325 0.607166 
2 2
-0.119053 0.471786 
0.975402 -0.901669 
2 2
-0.55797 0.430342 
-0.0643025 -0.57561 
2 2
-0.301553 -0.609058 
-0.436323 -0.0871303 
2 2
-0.591174 0.853633 
-0.969359 -0.962889 
2 2
0.190954 -0.148778 
0.58037 -0.962401 
2 2
-0.59154 -0.962462 
-0.983886 0.210486 
2 2
-0.945067 0.786676 
-0.847285 -0.698233 
2 2
0.320841 0.241005 
0.420637 0.444868 
2 2
0.531541 -0.752678 
0.810175 0.0780969 
2 2
0.144627 0.115879 
-0.657277 0.280435 
2 2
-0.612293 0.89697 
-0.644337 -0.486862 
2 2
-0.0397656 0.299234 
-0.0738853 -0.940001 
2 2
0.77575 -0.20719 
0.699393 -0.244423 
2 2
-0.689138 -0.682302 
-0.254982 0.722282 
2 2
-0.79461 -0.0655232 
0.942991 0.135899 
2 2
-0.514817 0.904111 
0.49382 0.444441 
2 2
0.657155 0.154332 
-0.730766 0.066805 
2 2
-0.638173 -0.929258 
0.189856 0.00985748 
2 2
0.27311 -0.450911 
0.817682 0.840815 
2 2
0.930601 0.246925 
0.350627 0.45262 
2 2
0.193457 -0.0279244 
-0.792169 0.0597247 
2 2
0.00314341 -0.854488 
0.391461 0.862178 
2 2
-0.858211 -0.724662 
0.813349 0.814447 
2 2
0.674429 -0.61919 
-0.22544 -0.0619221 
2 2
-0.238197 -0.697928 
0.784539 -0.385662 
2 2
-0.467086 0.835322 
-0.0928678 0.294717 
2 2
-0.426862 -0.0741905 
0.888058 0.93408 
2 2
0.0187078 0.0351878 
0.358684 0.715751 
2 2
-0.676931 0.482162 
-0.988037 -0.449568 
2 2
0.103061 -0.713675 
0.178808 0.276772 
2 2
0.349345 -0.0448927 
-0.101413 0.0916471 
2 2
-0.47496 -0.0616779 
-0.694937 0.143651 
2 2
-0.465255 0.469955 
0.851619 -0.392865 
2 2
0.253212 0.73394 
-0.436384 0.674062 
2 2
0.298929 0.291421 
-0.493454 -0.0987274 
2 2
0.742241 0.707816 
0.655385 0.351176 
2 2
0.434126 0.315775 
0.354411 -0.0375683 
2 2
0.643727 -0.946593 
0.554369 0.588733 
2 2
-0.308451 -0.68688 
-0.985595 -0.856868 
2 2
-0.732841 -0.259499 
-0.34373 -0.714591 
2 2
-0.883053 -0.0805383 
0.258339 -0.910337 
2 2
-0.208777 0.882015 
0.676992 -0.869991 
2 2
-0.469955 0.57799 
0.738212 -0.161046 
2 2
0.31254 -0.997253 
-0.716117 0.331156 
2 2
-0.321085 0.683462 
-0.0235298 -0.172643 
2 2
0.136326 -0.530992 
0.157933 0.63274 
2 2
0.776482 -0.936216 
0.77752 0.715079 
2 2
0.249367 0.856502 
0.652028 -0.326334 
2 2
0.607715 -0.862728 
0.56621 -0.811762 
2 2
-0.290017 0.638478 
0.400739 0.385846 
2 2
0.869625 0.33665 
-0.525742 -0.437056 
2 2
-0.562365 0.455 
-0.711356 0.70159 
2 2
-0.993225 0.601123 
0.863643 0.214393 
2 2
0.923826 -0.0199286 
-0.151463 0.358928 
2 2
-0.202124 -0.38139 
-0.40025 0.756767 
2 2
0.692923 -0.461165 
-0.590503 0.455794 
2 2
0.690909 0.818354 
0.0753502 -0.0270089 
2 2
0.513352 -0.525193 
-0.00387585 -0.244972 
2 2
0.352153 -0.427961 
0.749931 0.696768 
2 2
-0.564684 -0.579272 
0.0454421 -0.125095 
2 2
-0.0628986 0.115329 
0.436445 0.055208 
2 2
-0.995483 -0.915464 
0.0261544 0.758904 
2 2
-0.419538 -0.0207221 
-0.576586 0.474899 
2 2
0.251991 -0.122593 
-0.121799 -0.996826 
2 2
-0.0303659 -0.124851 
-0.743156 0.278848 
2 2
-0.674184 0.00308237 
-0.955138 0.113865 
2 2
-0.921201 0.403546 
0.564501 0.294717 
2 2
-0.389508 -0.292825 
-0.405683 -0.527451 
2 2
0.00521867 0.546739 
-0.420698 0.284402 
2 2
0.437239 -0.855831 
0.617725 -0.858577 
2 2
0.554491 0.910703 
0.413007 0.123936 
2 2
-0.454634 0.994629 
0.378094 -0.582263 
2 2
0.577197 -0.282632 
-0.920713 -0.267129 
2 2
-0.707022 -0.167577 
0.208289 -0.861507 
2 2
-0.866878 -0.37315 
0.766961 -0.023896 
2 2
-0.019013 -0.492111 
-0.0128483 -0.684133 
2 2
0.191321 0.496689 
-0.764275 -0.297403 
2 2
0.30137 -0.648427 
0.127232 -0.376019 
2 2
-0.144871 -0.579638 
-0.319864 -0.160131 
2 2
0.12656 -0.780267 
0.327494 0.100986 
2 2
-0.285684 0.402264 
-0.232765 0.347636 
2 2
0.694632 0.0466628 
-0.160131 0.827021 
2 2
0.0204779 -0.789178 
0.62096 0.565172 
2 2
-0.145421 0.683279 
0.916013 0.632923 
2 2
-0.476974 -0.128574 
-0.654775 -0.358806 
2 2
0.777825 -0.23545 
-0.794305 -0.094821 
2 2
-0.944823 -0.0920743 
-0.702017 -0.286599 
2 2
0.418256 0.326579 
-0.0943937 0.140233 
2 2
0.869747 0.335307 
0.113987 -0.161779 
2 2
-0.27604 -0.82635 
-0.342875 0.249245 
2 2
0.966857 -0.538804 
0.633045 0.145787 
2 2
0.543199 -0.517136 
0.452681 0.62273 
2 2
0.535325 -0.453902 
-0.781976 0.238441 
2 2
-0.379376 -0.511093 
0.804926 0.196814 
2 2
0.694205 0.105808 
-0.608631 -0.721244 
2 2
0.466964 -0.897641 
-0.656362 0.935728 
2 2
-0.0645466 0.437361 
0.94116 0.863399 
2 2
-0.590075 -0.0121158 
-0.870602 -0.506149 
2 2
0.788263 -0.522691 
-0.512619 0.843196 
2 2
0.763726 -0.398114 
0.597461 0.151402 
2 2
-0.345866 0.293985 
-0.994812 -0.246376 
2 2
-0.46086 -0.940123 
-0.043733 -0.381207 
2 2
0.393719 -0.670766 
0.0984832 -0.00595111 
2 2
-0.0946989 -0.24662 
-0.664113 0.591845 
2 2
-0.33787 0.390973 
0.0231025 -0.242286 
2 2
-0.600024 0.717215 
0.686575 0.0559404 
2 2
0.946959 -0.206275 
0.191992 -0.32548 
2 2
-0.284402 -0.43553 
0.785882 -0.235817 
2 2
-0.937193 0.982543 
-0.77282 -0.868709 
2 2
0.556017 0.715384 
0.402936 -0.553941 
2 2
-0.80871 0.754265 
0.400922 -0.739616 
2 2
-0.133213 -0.256081 
0.270363 -0.523789 
2 2
0.72692 -0.300821 
-0.377667 -0.705191 
2 2
-0.934385 -0.954527 
-0.742729 -0.916746 
2 2
0.475814 -0.07828 
-0.992492 -0.402631 
2 2
0.931516 0.681875 
-0.0174871 -0.00332652 
2 2
0.492172 -0.466842 
-0.597156 0.0903043 
2 2
0.315104 0.249001 
-0.78692 -0.748955 
2 2
-0.336161 -0.106723 
0.658132 -0.565477 
2 2
0.60033 -0.506149 
0.0127262 0.741447 
2 2
-0.95172 -0.396954 
-0.349528 0.960082 
2 2
-0.0851161 -0.318216 
-0.359844 -0.472579 
2 2
0.167211 -0.656789 
-0.712577 -0.968993 
2 2
0.0921354 -0.0285348 
0.330363 0.709159 
2 2
-0.132359 0.524522 
0.106845 -0.149876 
2 2
0.701346 0.24955 
-0.734977 0.340556 
2 2
0.440413 0.0845668 
0.552477 0.253395 
2 2
0.91998 -0.636769 
0.45146 -0.308756 
2 2
0.182348 -0.0934782 
0.65453 -0.889279 
2 2
-0.744499 0.438215 
0.567186 0.564074 
2 2
0.177038 -0.737236 
-0.974792 -0.70336 
2 2
0.951781 0.141881 
0.414838 0.137547 
2 2
0.130955 -0.692373 
-0.61803 0.120029 
2 2
0.699393 0.550584 
-0.680105 -0.229286 
2 2
-0.0407422 0.318827 
0.820795 0.503647 
2 2
-0.903012 -0.233192 
-0.720206 0.557665 
2 2
-0.87817 -0.309732 
-0.160253 0.914121 
2 2
0.8623 -0.713736 
0.861873 -0.367656 
2 2
-0.278603 0.828486 
-0.236793 0.684194 
2 2
0.266396 0.922605 
0.430036 -0.57384 
2 2
-0.956603 -0.109043 
0.700858 -0.136509 
2 2
-0.349712 -0.689749 
-0.264992 -0.151036 
2 2
-0.464888 0.815485 
-0.310221 0.726554 
2 2
0.220069 0.178991 
-0.769463 -0.450484 
2 2
0.395489 0.778069 
0.881527 -0.220191 
2 2
-0.426801 -0.615162 
-0.597095 0.904843 
2 2
0.985595 0.219337 
-0.615833 0.409711 
2 2
-0.581713 0.20072 
-0.761834 0.542772 
2 2
0.664174 -0.663808 
-0.21366 -0.688467 
2 2
0.285806 -0.816645 
0.620594 0.146519 
2 2
0.373821 -0.675344 
0.430158 -0.329936 
2 2
-0.010773 0.790887 
0.480941 0.00936918 
2 2
-0.0234077 0.371502 
-0.565294 -0.911557 
2 2
-0.164037 0.749321 
0.695303 -0.660512 
2 2
0.703299 0.968261 
-0.536973 -0.897397 
2 2
0.83227 0.636586 
0.42851 -0.115818 
2 2
0.684072 0.800531 
-0.147191 0.640309 
2 2
0.996643 -0.883663 
0.15659 0.940123 
2 2
-0.430769 -0.334391 
-0.343364 -0.851436 
2 2
0.360942 0.410016 
-0.0484939 -0.980224 
2 2
-0.539842 0.0326243 
-0.853084 0.770928 
2 2
-0.387432 -0.895871 
0.108249 -0.925596 
2 2
-0.00473037 -0.490036 
-0.0718711 -0.594836 
2 2
0.924802 -0.92291 
-0.20365 -0.818964 
2 2
0.185644 -0.662404 
-0.540269 -0.86639 
2 2
0.66802 -0.633839 
-0.541246 -0.652882 
2 2
0.00112918 -0.370525 
-0.670095 -0.5974 
2 2
-0.129429 0.784845 
0.959899 -0.934812 
2 2
-0.29368 -0.634693 
-0.720878 0.952086 
2 2
0.429731 -0.710318 
-0.515854 -0.382366 
2 2
0.206519 0.481185 
0.230689 0.755181 
2 2
0.383404 -0.667776 
-0.330363 0.0517899 
2 2
0.883236 0.972045 
0.406659 -0.350871 
2 2
0.334147 0.886471 
0.873531 0.58269 
2 2
-0.363567 -0.646107 
0.296793 -0.0116886 
2 2
-0.0636311 0.275002 
-0.0419019 0.0707724 
2 2
-0.529893 -0.611072 
0.294656 -0.44731 
2 2
0.967284 0.814814 
-0.973144 0.0415357 
2 2
0.299844 -0.146458 
0.500839 0.752007 
2 2
0.0649739 0.989868 
-0.566881 0.0212104 
2 2
0.789117 -0.969359 
-0.754204 -0.944945 
2 2
-0.560228 0.317728 
0.178259 0.341472 
2 2
-0.0649129 -0.0478835 
-0.636036 0.170019 
2 2
-0.665151 -0.0325632 
0.0602741 -0.305948 
2 2
0.404706 0.390667 
0.216773 -0.0264595 
2 2
0.237281 0.126133 
-0.427656 -0.564501 
2 2
-0.675039 0.0860927 
-0.0901212 0.110508 
2 2
-0.486496 -0.771783 
-0.502853 -0.102206 
2 2
-0.265358 0.124119 
-0.794061 0.358928 
2 2
-0.743522 -0.160619 
0.22953 -0.254494 
2 2
0.830622 0.599048 
-0.546068 -0.285562 
2 2
-0.460005 -0.00735496 
0.593982 0.671316 
2 2
0.519089 0.565783 
-0.831599 -0.406049 
2 2
-0.768914 -0.264382 
0.502609 0.775018 
2 2
0.992981 -0.0312204 
0.946043 0.91876 
2 2
-0.567309 0.157628 
-0.507859 -0.968078 
2 2
0.568224 0.134007 
-0.0116276 0.544542 
2 2
0.194983 -0.743217 
-0.877316 0.098178 
2 2
-0.730705 -0.98883 
0.376019 0.441023 
2 2
0.97589 0.557543 
-0.874081 -0.135472 
2 2
0.165563 -0.833857 
-0.908689 -0.378399 
2 2
0.852474 0.477462 
-0.696524 -0.238075 
2 2
-0.847652 0.501816 
0.344401 -0.362651 
2 2
0.816523 0.543382 
-0.745293 -0.608997 
2 2
-0.667898 -0.0243233 
-0.905393 0.238258 
2 2
-0.642445 -0.806207 
0.568407 -0.602771 
2 2
0.245399 0.119663 
0.971862 0.795831 
2 2
-0.234291 -0.218177 
-0.797052 0.790094 
2 2
0.700735 -0.718192 
0.611927 0.363445 
2 2
-0.00222785 -0.91467 
0.879147 0.243446 
2 2
-0.831538 0.57445 
-0.892636 0.37431 
2 2
-0.378399 0.799249 
-0.682791 0.182104 
2 2
-0.38316 0.366436 
0.531175 -0.929258 
2 2
0.527207 -0.597949 
0.636036 -0.413984 
2 2
-0.902341 -0.47441 
0.209754 0.684378 
2 2
-0.612659 0.773736 
-0.499374 -0.454512 
2 2
-0.917478 -0.589465 
0.746635 -0.634877 
2 2
-0.131138 -0.437727 
-0.978576 -0.434492 
2 2
0.782464 0.446944 
-0.622059 -0.19541 
2 2
0.886044 -0.503647 
0.286233 0.500107 
2 2
-0.230628 0.245338 
0.916318 0.756035 
2 2
0.230995 0.168554 
0.233863 0.506699 
2 2
0.974609 0.634693 
0.694327 -0.29899 
2 2
-0.792901 -0.138829 
-0.871273 0.395856 
2 2
0.108921 -0.744133 
-0.531053 -0.670156 
2 2
0.86108 0.0827357 
0.500168 -0.584277 
2 2
-0.0798669 0.389264 
0.828852 -0.412702 
2 2
-0.774468 -0.866634 
0.252174 -0.55974 
2 2
0.0286569 -0.553331 
-0.282022 0.102573 
2 2
0.0302438 -0.0276803 
-0.938169 -0.226234 
2 2
0.51384 0.213965 
0.708914 -0.631214 
2 2
-0.837031 0.834834 
0.528123 0.705618 
2 2
-0.750481 0.842708 
0.0263375 0.672781 
2 2
0.880367 0.599536 
-0.930113 -0.184912 
64 1
1.19109 -0.140309 -0.354366 1.41913 0.184225 0.193991 0.56473 1.30615 1.35992 -0.151967 0.985214 1.11919 1.0294 0.517609 0.930342 0.457427 0.38815 -0.362789 0.0349284 -0.398923 0.0418867 0.0504318 0.78489 1.04271 -0.337397 0.293298 -0.0832392 0.537996 1.08525 0.55356 0.790445 1.23949 0.158406 0.368007 0.545991 1.47339 -0.338191 1.1212 0.859416 -0.275323 0.602512 1.40643 0.107501 1.39129 0.202048 0.313684 -0.24395 0.869854 -0.111621 0.704932 0.782693 -0.463134 -0.396603 -0.459593 0.94792 1.18633 -0.260186 1.31878 0.725684 1.48669 1.01939 -0.307794 0.707434 1.02062 
64 1
-0.375179 1.32031 0.290246 0.468596 -0.101367 1.02458 0.463652 1.49982 -0.0798822 0.306299 0.506012 -0.0674306 0.274255 0.290246 1.40368 0.726844 1.32464 1.15624 -0.194754 1.37097 1.30236 1.12206 1.32403 1.22582 0.524018 1.03954 0.999496 1.38836 0.0514695 -0.334101 -0.267327 0.63712 0.104633 -0.325983 0.505829 0.0223548 0.541719 1.46338 1.20019 -0.336909 0.717444 0.833415 -0.176321 0.313868 1.03349 -0.415586 0.96147 1.26324 1.49219 1.10497 1.26141 1.12712 -0.433164 0.0107578 0.767251 1.09911 0.701331 -0.102527 -0.0875118 1.22008 -0.249626 0.268029 0.985824 1.23022 
64 1
0.674413 0.699316 -0.117298 0.564974 0.800394 1.30902 0.954268 1.05901 0.961837 -0.414182 0.766213 0.9185 -0.170095 0.646031 -0.419614 -0.473693 -0.251091 0.97734 0.372158 -0.358211 0.387722 0.734413 0.194113 0.556673 -0.479797 0.647069 -0.298517 0.771462 1.24749 0.604648 -0.35107 -0.246696 0.973312 -0.0214087 0.173299 1.33911 1.44678 0.745643 -0.32635 0.344081 1.18297 1.47424 1.10155 0.942122 -0.423948 1.23724 0.473907 0.376125 0.0153356 -0.487793 1.42132 0.563997 1.31817 1.13323 0.58359 1.16155 0.791726 0.355068 -0.334223 0.644444 1.23656 1.0941 0.96672 0.972823 
64 1
1.20299 1.40698 0.192587 0.399747 0.815165 1.26983 1.36865 -0.0123753 0.473235 -0.278314 -0.339717 0.393155 0.747169 0.432707 0.917768 0.484832 0.774331 -0.239189 -0.244926 0.355129 1.47388 0.360073 0.977218 0.289209 0.889447 0.400967 0.167257 0.253685 -0.0260475 1.46747 0.246239 1.4671 0.127583 1.19182 -0.181997 0.61478 0.802713 -0.30932 0.111896 0.271447 0.487396 -0.136036 0.335536 0.0923643 1.38067 0.619663 0.250389 0.337489 1.07128 1.08702 -0.217948 0.289087 -0.466979 0.880352 0.478973 1.12774 0.749367 0.476653 0.630222 -0.173757 1.27862 0.767983 0.857219 -0.372677 
64 1
1.07384 -0.146779 -0.0105441 -0.335749 0.868816 0.129841 0.0387127 1.28973 1.44275 -0.250847 0.0828425 -0.326899 1.07677 1.49792 -0.127369 0.231285 0.514069 1.16692 0.973617 0.452361 -0.263543 0.471831 0.255333 0.677404 -0.129994 0.58652 -0.458617 0.401639 0.53177 1.35186 0.231651 -0.34283 -0.0692007 0.223777 0.709387 0.0409711 0.0353557 0.0212561 1.34692 0.949141 0.118976 -0.462096 0.920331 -0.418882 0.998032 0.0794855 1.24798 0.276208 1.27319 -0.0106662 -0.136769 -0.256279 -0.112659 0.224876 -0.464721 -0.24865 0.312464 1.04741 0.450224 -0.168142 0.677404 0.887432 -0.135731 -0.427305 
64 1
1.15032 1.44848 1.04283 1.05004 0.887005 0.111591 0.296594 0.968978 -0.14153 -0.296686 -0.0715812 1.07476 -0.130482 0.689245 -0.0978271 0.394559 0.0814386 -0.144459 0.0471969 -0.125172 1.3515 0.542268 -0.389584 0.975082 0.700232 0.4888 -0.0316019 0.781533 0.221702 0.355617 1.31219 1.20263 -0.253716 0.984725 1.11705 0.809061 -0.429441 0.459929 1.21068 0.881024 0.566012 1.03117 1.2503 0.224754 -0.0211035 0.964339 1.4237 0.321192 0.234397 1.37945 0.184225 1.36944 1.05693 1.13945 -0.165273 0.786538 0.219321 -0.147511 -0.229667 0.727699 1.23363 0.0500046 0.194967 0.187887 
64 1
1.29559 0.602695 0.12215 0.248314 -0.204398 0.437773 0.474273 0.0294351 0.708838 0.619419 0.0915098 -0.0855586 1.1762 -0.145619 1.46332 -0.396481 -0.410215 1.48712 -0.00450148 -0.436033 1.49457 1.04411 -0.375362 1.43616 0.61832 0.392972 0.592868 -0.0401471 1.34454 -0.423582 0.194784 -0.0177465 -0.0627308 0.384793 0.310511 1.11046 0.834086 0.729347 0.535249 -0.428953 1.31677 -0.121204 0.720069 -0.16039 0.874126 -0.378231 -0.265557 -0.398618 0.568209 1.41742 0.264672 0.607456 0.717444 0.596652 0.459258 0.986984 0.208213 -0.322932 0.235191 -0.419919 -0.251885 -0.146657 1.05632 -0.148305 
64 1
0.373012 0.726112 0.997055 -0.0494247 -0.479614 1.33111 -0.0961791 0.475005 -0.0179296 0.532441 0.466643 0.508576 0.0476241 -0.158925 0.0130772 1.48718 0.152364 0.721595 0.837992 1.46124 0.341456 1.44989 -0.120045 1.31457 -0.137379 -0.41583 -0.440794 -0.497009 1.20098 1.11187 0.586642 0.874981 -0.132984 0.334132 0.559236 0.136433 0.25161 -0.447874 1.15276 -0.476867 0.859539 0.616062 -0.275811 1.24218 1.23443 1.39959 0.137471 0.245689 -0.112171 1.26348 0.624058 -0.100818 -0.455321 0.569185 1.49091 0.106769 1.0175 0.306299 0.489227 0.455596 0.0217444 0.895306 0.65537 -0.0568712 
64 1
0.245872 0.228843 0.43704 -0.151784 0.987167 0.0141148 0.91728 1.30963 0.666417 0.477691 -0.0516831 0.173605 0.534516 0.496918 0.00856044 0.674352 -0.117603 1.21923 -0.405881 0.507904 1.06804 0.232322 0.95848 0.864177 -0.328669 0.347682 0.0120396 -0.0226295 0.0918149 0.0595874 1.19463 -0.240287 -0.101184 -0.257134 1.13286 0.0785699 1.24908 0.651097 -0.104907 0.241173 0.682592 0.778054 -0.342891 0.248741 -0.389462 0.64536 -0.410276 1.38299 0.806619 1.07775 0.781899 0.686254 1.21459 0.0296793 0.0116733 0.899701 0.385342 0.5253 0.176962 0.420499 0.855144 0.773293 0.199057 0.840983 
64 1
-0.222526 0.521149 0.21157 0.632664 0.121662 0.709632 0.846599 0.53708 0.750221 0.490265 0.431181 1.22594 -0.312311 0.66953 0.906842 0.793985 -0.106738 -0.359859 0.283532 0.645543 -0.149953 0.864116 0.442106 1.33892 0.282922 -0.0314798 0.0958434 0.949385 1.31799 0.517304 -0.274163 -0.484619 1.39605 0.52121 0.300806 0.128193 0.252037 0.748756 0.594394 0.229026 1.27422 0.900006 0.913495 -0.324152 -0.446593 0.706763 0.0481735 1.1422 0.937849 0.0203406 1.25781 1.40985 0.402738 0.950911 0.103656 1.11974 1.0501 0.119282 -0.0570544 -0.4588 0.0491501 0.0851009 -0.105396 -0.0757927 
